Sistema Termodinámico Controlado
Comandos:
1/0 - Encender/Apagar foco
2/3 - Encender/Apagar ventilador
SXX.X - Establecer setpoint (ej: S25.5)
C - Activar/Desactivar control automático
HX.X - Ajustar histéresis (ej: H1.0)
Tiempo(s),Humedad(%),TempAHT(°C),TempLM35(°C),Setpoint(°C),Foco,Ventilador,Control
0.402,89.14,23.816,24.438,25.0,0,0,0
0.802,89.17,23.827,24.438,25.0,0,0,0
1.202,89.18,23.831,23.949,25.0,0,0,0
1.602,89.18,23.834,23.949,25.0,0,0,0
2.002,89.17,23.829,24.438,25.0,0,0,0
2.402,89.15,23.837,24.438,25.0,0,0,0
2.802,89.22,23.817,23.949,25.0,0,0,0
3.201,89.19,23.851,23.949,25.0,0,0,0
3.602,89.15,23.845,24.438,25.0,0,0,0
4.002,89.19,23.845,24.438,25.0,0,0,0
4.402,89.17,23.852,23.949,25.0,0,0,0
4.802,89.17,23.852,23.949,25.0,0,0,0
5.202,89.11,23.846,24.438,25.0,0,0,0
5.602,89.15,23.856,24.438,25.0,0,0,0
6.002,89.16,23.847,23.949,25.0,0,0,0
6.401,89.15,23.833,23.949,25.0,0,0,0
6.802,89.16,23.851,24.438,25.0,0,0,0
7.202,89.16,23.833,24.438,25.0,0,0,0
7.602,89.16,23.844,23.949,25.0,0,0,0
8.002,89.16,23.862,23.949,25.0,0,0,0
8.402,89.15,23.851,23.949,25.0,0,0,0
8.802,89.14,23.851,24.438,25.0,0,0,0
9.202,89.15,23.856,24.438,25.0,0,0,0
9.601,89.17,23.862,23.949,25.0,0,0,0
10.002,89.17,23.853,24.438,25.0,0,0,0
Comando no válido
11.280,89.14,23.840,23.949,25.0,0,0,0
11.680,89.19,23.856,24.438,25.0,0,0,0
12.080,89.16,23.860,23.949,25.0,0,0,0
12.480,89.16,23.846,24.438,25.0,0,0,0
12.880,89.16,23.842,24.438,25.0,0,0,0
13.280,89.17,23.843,24.438,25.0,0,0,0
13.680,89.13,23.836,23.949,25.0,0,0,0
14.080,89.16,23.850,23.949,25.0,0,0,0
14.480,89.09,23.847,24.438,25.0,0,0,0
14.880,89.13,23.838,24.438,25.0,0,0,0
15.280,89.16,23.853,24.438,25.0,0,0,0
15.680,89.16,23.843,24.438,25.0,0,0,0
Setpoint actualizado: 55.00
17.778,89.16,23.816,24.438,55.0,0,0,0
18.177,89.17,23.838,24.438,55.0,0,0,0
18.578,89.19,23.838,24.438,55.0,0,0,0
18.978,89.17,23.834,24.438,55.0,0,0,0
19.378,89.14,23.841,23.949,55.0,0,0,0
19.778,89.19,23.835,23.949,55.0,0,0,0
20.178,89.17,23.845,23.949,55.0,0,0,0
20.578,89.14,23.847,23.949,55.0,0,0,0
20.978,89.14,23.851,23.949,55.0,0,0,0
21.377,89.15,23.854,24.438,55.0,0,0,0
Control automático: ACTIVADO
22.360,89.18,23.830,24.438,55.0,1,0,1
22.758,89.87,23.857,24.927,55.0,1,0,1
23.158,89.92,23.914,24.927,55.0,1,0,1
23.558,89.99,23.973,24.927,55.0,1,0,1
23.958,90.05,24.030,24.438,55.0,1,0,1
24.358,90.13,24.092,24.927,55.0,1,0,1
24.758,90.16,24.144,24.927,55.0,1,0,1
25.158,90.20,24.193,24.927,55.0,1,0,1
25.558,90.20,24.242,24.927,55.0,1,0,1
25.958,90.20,24.268,24.927,55.0,1,0,1
26.358,90.23,24.308,24.927,55.0,1,0,1
26.758,90.25,24.368,24.927,55.0,1,0,1
27.158,90.25,24.393,24.927,55.0,1,0,1
27.558,90.24,24.451,24.927,55.0,1,0,1
27.958,90.22,24.495,25.415,55.0,1,0,1
28.358,90.21,24.531,24.927,55.0,1,0,1
28.758,90.19,24.566,25.415,55.0,1,0,1
29.158,90.21,24.597,24.927,55.0,1,0,1
29.558,90.19,24.636,25.415,55.0,1,0,1
29.958,90.13,24.679,25.415,55.0,1,0,1
30.358,90.13,24.706,25.415,55.0,1,0,1
30.758,90.10,24.762,25.415,55.0,1,0,1
31.158,90.10,24.799,25.415,55.0,1,0,1
31.558,90.04,24.821,25.415,55.0,1,0,1
31.958,90.04,24.867,25.415,55.0,1,0,1
32.358,90.00,24.918,25.415,55.0,1,0,1
32.758,89.94,24.945,25.415,55.0,1,0,1
33.158,89.93,24.973,25.415,55.0,1,0,1
33.558,89.86,25.018,25.415,55.0,1,0,1
33.958,89.83,25.050,25.904,55.0,1,0,1
34.358,89.83,25.088,25.415,55.0,1,0,1
34.758,89.79,25.140,25.415,55.0,1,0,1
35.158,89.75,25.154,25.415,55.0,1,0,1
35.558,89.71,25.196,25.904,55.0,1,0,1
35.958,89.69,25.241,25.415,55.0,1,0,1
36.358,89.69,25.276,25.904,55.0,1,0,1
36.758,89.62,25.297,25.415,55.0,1,0,1
37.158,89.58,25.334,25.415,55.0,1,0,1
37.558,89.54,25.388,25.904,55.0,1,0,1
37.958,89.50,25.434,25.904,55.0,1,0,1
38.358,89.48,25.438,25.904,55.0,1,0,1
38.758,89.42,25.482,25.415,55.0,1,0,1
39.158,89.38,25.514,24.927,55.0,1,0,1
39.558,89.32,25.563,25.904,55.0,1,0,1
39.958,89.30,25.589,25.904,55.0,1,0,1
40.358,89.26,25.635,25.904,55.0,1,0,1
40.758,89.18,25.647,25.904,55.0,1,0,1
41.158,89.16,25.684,26.393,55.0,1,0,1
41.558,89.15,25.732,25.904,55.0,1,0,1
41.958,89.06,25.758,25.904,55.0,1,0,1
42.358,89.04,25.794,25.904,55.0,1,0,1
42.758,89.02,25.844,25.904,55.0,1,0,1
43.158,88.96,25.878,25.904,55.0,1,0,1
43.558,88.91,25.905,26.393,55.0,1,0,1
43.958,88.90,25.929,25.904,55.0,1,0,1
44.358,88.84,25.970,26.393,55.0,1,0,1
44.758,88.79,26.010,26.393,55.0,1,0,1
45.158,88.73,26.051,26.393,55.0,1,0,1
45.558,88.71,26.077,26.393,55.0,1,0,1
45.958,88.67,26.111,25.904,55.0,1,0,1
46.358,88.63,26.146,26.393,55.0,1,0,1
46.758,88.55,26.182,26.393,55.0,1,0,1
47.158,88.57,26.210,26.393,55.0,1,0,1
47.558,88.51,26.244,26.393,55.0,1,0,1
47.958,88.46,26.293,26.882,55.0,1,0,1
48.358,88.42,26.323,26.393,55.0,1,0,1
48.758,88.35,26.358,26.393,55.0,1,0,1
49.158,88.36,26.397,26.393,55.0,1,0,1
49.558,88.30,26.424,26.393,55.0,1,0,1
49.958,88.23,26.467,26.393,55.0,1,0,1
50.358,88.22,26.512,26.393,55.0,1,0,1
50.758,88.14,26.528,26.882,55.0,1,0,1
51.158,88.09,26.570,26.882,55.0,1,0,1
51.558,88.07,26.602,26.882,55.0,1,0,1
51.958,88.02,26.634,26.393,55.0,1,0,1
52.358,87.98,26.677,26.393,55.0,1,0,1
52.758,87.91,26.695,26.882,55.0,1,0,1
53.158,87.86,26.736,26.882,55.0,1,0,1
53.558,87.87,26.754,26.393,55.0,1,0,1
53.958,87.84,26.798,26.393,55.0,1,0,1
54.358,87.75,26.835,26.882,55.0,1,0,1
54.758,87.73,26.863,26.882,55.0,1,0,1
55.158,87.66,26.904,26.882,55.0,1,0,1
55.558,87.65,26.930,26.882,55.0,1,0,1
55.958,87.58,26.960,26.882,55.0,1,0,1
56.358,87.52,27.009,26.882,55.0,1,0,1
56.758,87.52,27.039,26.882,55.0,1,0,1
57.158,87.46,27.055,26.393,55.0,1,0,1
57.558,87.46,27.088,26.882,55.0,1,0,1
57.958,87.40,27.124,26.882,55.0,1,0,1
58.358,87.35,27.169,26.882,55.0,1,0,1
58.758,87.31,27.212,26.882,55.0,1,0,1
59.158,87.28,27.232,27.370,55.0,1,0,1
59.558,87.23,27.283,27.370,55.0,1,0,1
59.958,87.17,27.305,27.370,55.0,1,0,1
60.358,87.08,27.343,26.882,55.0,1,0,1
60.758,87.07,27.377,27.370,55.0,1,0,1
61.158,87.01,27.402,27.859,55.0,1,0,1
61.558,86.92,27.438,26.882,55.0,1,0,1
61.958,86.89,27.482,27.370,55.0,1,0,1
62.358,86.83,27.525,26.882,55.0,1,0,1
62.758,86.79,27.559,27.370,55.0,1,0,1
63.158,86.74,27.578,27.370,55.0,1,0,1
63.558,86.61,27.607,27.370,55.0,1,0,1
63.958,86.60,27.639,27.370,55.0,1,0,1
64.358,86.56,27.682,27.370,55.0,1,0,1
64.758,86.49,27.704,27.370,55.0,1,0,1
65.158,86.44,27.724,27.370,55.0,1,0,1
65.558,86.38,27.769,27.370,55.0,1,0,1
65.958,86.37,27.794,27.370,55.0,1,0,1
66.358,86.29,27.832,27.859,55.0,1,0,1
66.758,86.19,27.873,27.370,55.0,1,0,1
67.158,86.16,27.905,27.859,55.0,1,0,1
67.558,86.09,27.943,27.370,55.0,1,0,1
67.958,86.02,27.977,27.370,55.0,1,0,1
68.358,85.97,28.008,27.859,55.0,1,0,1
68.758,85.92,28.055,27.859,55.0,1,0,1
69.158,85.86,28.080,27.370,55.0,1,0,1
69.558,85.82,28.102,27.859,55.0,1,0,1
69.958,85.71,28.158,27.370,55.0,1,0,1
70.358,85.65,28.190,27.859,55.0,1,0,1
70.758,85.58,28.206,27.859,55.0,1,0,1
71.158,85.55,28.245,27.859,55.0,1,0,1
71.558,85.48,28.281,27.859,55.0,1,0,1
71.958,85.39,28.324,27.859,55.0,1,0,1
72.358,85.33,28.344,27.859,55.0,1,0,1
72.758,85.27,28.384,27.859,55.0,1,0,1
73.158,85.19,28.404,28.348,55.0,1,0,1
73.558,85.16,28.451,27.859,55.0,1,0,1
73.958,85.04,28.479,27.859,55.0,1,0,1
74.358,84.96,28.529,27.859,55.0,1,0,1
74.758,84.95,28.552,27.859,55.0,1,0,1
75.158,84.88,28.600,27.859,55.0,1,0,1
75.558,84.80,28.613,27.859,55.0,1,0,1
75.958,84.72,28.653,27.859,55.0,1,0,1
76.358,84.68,28.693,27.859,55.0,1,0,1
76.758,84.58,28.718,28.348,55.0,1,0,1
77.158,84.50,28.765,27.859,55.0,1,0,1
77.558,84.45,28.772,27.859,55.0,1,0,1
77.958,84.40,28.801,28.348,55.0,1,0,1
78.358,84.29,28.871,28.348,55.0,1,0,1
78.758,84.25,28.887,28.348,55.0,1,0,1
79.158,84.16,28.913,27.859,55.0,1,0,1
79.558,84.04,28.959,28.348,55.0,1,0,1
79.958,84.02,29.002,28.348,55.0,1,0,1
80.358,83.95,29.030,28.348,55.0,1,0,1
80.758,83.86,29.062,28.348,55.0,1,0,1
81.158,83.81,29.104,28.348,55.0,1,0,1
81.558,83.74,29.146,28.348,55.0,1,0,1
81.958,83.64,29.165,28.348,55.0,1,0,1
82.358,83.58,29.203,26.882,55.0,1,0,1
82.758,83.46,29.232,28.348,55.0,1,0,1
83.158,83.40,29.258,28.348,55.0,1,0,1
83.558,83.35,29.298,28.348,55.0,1,0,1
83.958,83.25,29.333,28.348,55.0,1,0,1
84.358,83.18,29.376,28.348,55.0,1,0,1
84.758,83.08,29.403,28.837,55.0,1,0,1
85.158,83.04,29.432,28.348,55.0,1,0,1
85.558,82.94,29.464,28.837,55.0,1,0,1
85.958,82.85,29.522,28.348,55.0,1,0,1
86.358,82.82,29.550,28.837,55.0,1,0,1
86.758,82.73,29.580,28.837,55.0,1,0,1
87.158,82.65,29.611,28.348,55.0,1,0,1
87.558,82.59,29.641,28.837,55.0,1,0,1
87.958,82.51,29.679,28.837,55.0,1,0,1
88.358,82.44,29.703,28.837,55.0,1,0,1
88.758,82.38,29.744,28.837,55.0,1,0,1
89.158,82.31,29.780,28.837,55.0,1,0,1
89.558,82.22,29.823,28.348,55.0,1,0,1
89.958,82.15,29.843,29.326,55.0,1,0,1
90.358,82.05,29.888,28.837,55.0,1,0,1
90.758,82.01,29.931,28.837,55.0,1,0,1
91.158,81.94,29.966,28.837,55.0,1,0,1
91.558,81.84,30.004,29.326,55.0,1,0,1
91.958,81.79,30.030,28.348,55.0,1,0,1
92.358,81.69,30.076,29.326,55.0,1,0,1
92.758,81.61,30.099,28.837,55.0,1,0,1
93.158,81.54,30.148,28.837,55.0,1,0,1
93.558,81.45,30.170,28.837,55.0,1,0,1
93.958,81.35,30.208,28.837,55.0,1,0,1
94.358,81.29,30.245,28.837,55.0,1,0,1
94.758,81.24,30.269,28.837,55.0,1,0,1
95.158,81.15,30.314,28.837,55.0,1,0,1
95.558,81.04,30.355,29.326,55.0,1,0,1
95.958,80.96,30.372,28.837,55.0,1,0,1
96.358,80.89,30.419,29.326,55.0,1,0,1
96.758,80.83,30.445,29.326,55.0,1,0,1
97.158,80.71,30.490,29.326,55.0,1,0,1
97.558,80.64,30.516,29.326,55.0,1,0,1
97.958,80.55,30.568,29.326,55.0,1,0,1
98.358,80.49,30.594,29.326,55.0,1,0,1
98.758,80.43,30.627,29.326,55.0,1,0,1
99.158,80.33,30.661,29.326,55.0,1,0,1
99.558,80.29,30.698,29.326,55.0,1,0,1
99.958,80.20,30.739,29.326,55.0,1,0,1
100.358,80.08,30.774,29.326,55.0,1,0,1
100.758,80.02,30.820,29.814,55.0,1,0,1
101.158,79.97,30.859,28.837,55.0,1,0,1
101.558,79.83,30.890,29.326,55.0,1,0,1
101.958,79.79,30.934,29.326,55.0,1,0,1
102.358,79.72,30.965,29.326,55.0,1,0,1
102.758,79.61,30.989,29.326,55.0,1,0,1
103.158,79.56,31.024,29.814,55.0,1,0,1
103.558,79.47,31.059,29.814,55.0,1,0,1
103.958,79.40,31.097,29.814,55.0,1,0,1
104.358,79.29,31.135,29.814,55.0,1,0,1
104.758,79.25,31.160,29.814,55.0,1,0,1
105.158,79.17,31.190,29.814,55.0,1,0,1
105.558,79.08,31.228,29.814,55.0,1,0,1
105.958,79.01,31.273,29.814,55.0,1,0,1
106.358,78.94,31.301,30.303,55.0,1,0,1
106.758,78.90,31.342,29.814,55.0,1,0,1
107.158,78.82,31.359,29.814,55.0,1,0,1
107.558,78.72,31.407,29.814,55.0,1,0,1
107.958,78.70,31.450,29.814,55.0,1,0,1
108.358,78.56,31.470,29.326,55.0,1,0,1
108.758,78.54,31.505,29.814,55.0,1,0,1
109.158,78.43,31.550,29.814,55.0,1,0,1
109.558,78.35,31.578,29.814,55.0,1,0,1
109.958,78.28,31.605,30.303,55.0,1,0,1
110.358,78.24,31.642,30.303,55.0,1,0,1
110.758,78.20,31.695,30.303,55.0,1,0,1
111.158,78.13,31.700,30.303,55.0,1,0,1
111.558,78.04,31.769,29.814,55.0,1,0,1
111.958,78.00,31.800,30.303,55.0,1,0,1
112.358,77.95,31.832,30.303,55.0,1,0,1
112.758,77.86,31.869,29.814,55.0,1,0,1
113.158,77.82,31.901,30.303,55.0,1,0,1
113.558,77.74,31.948,30.303,55.0,1,0,1
113.958,77.71,31.966,29.814,55.0,1,0,1
114.358,77.62,31.993,30.303,55.0,1,0,1
114.758,77.51,32.040,29.814,55.0,1,0,1
115.158,77.48,32.075,30.303,55.0,1,0,1
115.558,77.40,32.118,29.814,55.0,1,0,1
115.958,77.37,32.137,30.303,55.0,1,0,1
116.358,77.30,32.176,30.303,55.0,1,0,1
116.758,77.20,32.219,30.792,55.0,1,0,1
117.158,77.15,32.263,30.303,55.0,1,0,1
117.558,77.07,32.283,30.303,55.0,1,0,1
117.958,77.01,32.322,30.303,55.0,1,0,1
118.358,76.90,32.374,30.792,55.0,1,0,1
118.758,76.83,32.401,30.792,55.0,1,0,1
119.158,76.77,32.422,30.303,55.0,1,0,1
119.558,76.71,32.458,30.303,55.0,1,0,1
119.958,76.60,32.499,30.792,55.0,1,0,1
120.358,76.54,32.552,30.792,55.0,1,0,1
120.758,76.46,32.570,30.303,55.0,1,0,1
121.158,76.37,32.607,30.792,55.0,1,0,1
121.558,76.27,32.624,30.303,55.0,1,0,1
121.958,76.22,32.664,30.303,55.0,1,0,1
122.358,76.12,32.710,30.792,55.0,1,0,1
122.758,76.09,32.749,30.792,55.0,1,0,1
123.158,75.98,32.772,30.303,55.0,1,0,1
123.558,75.92,32.824,31.281,55.0,1,0,1
123.958,75.81,32.844,31.281,55.0,1,0,1
124.358,75.72,32.887,30.303,55.0,1,0,1
124.758,75.63,32.909,30.303,55.0,1,0,1
125.158,75.57,32.970,30.792,55.0,1,0,1
125.558,75.47,32.981,30.792,55.0,1,0,1
125.958,75.42,33.027,31.281,55.0,1,0,1
126.358,75.34,33.062,30.792,55.0,1,0,1
126.758,75.25,33.094,31.281,55.0,1,0,1
127.158,75.14,33.134,31.281,55.0,1,0,1
127.558,75.08,33.147,30.303,55.0,1,0,1
127.958,74.98,33.201,31.281,55.0,1,0,1
128.358,74.91,33.241,30.792,55.0,1,0,1
128.758,74.80,33.270,31.281,55.0,1,0,1
129.158,74.74,33.293,30.792,55.0,1,0,1
129.558,74.64,33.338,31.281,55.0,1,0,1
129.958,74.56,33.364,31.281,55.0,1,0,1
130.358,74.47,33.402,30.792,55.0,1,0,1
130.758,74.40,33.445,31.281,55.0,1,0,1
131.158,74.30,33.469,31.281,55.0,1,0,1
131.558,74.26,33.509,31.281,55.0,1,0,1
131.958,74.15,33.543,31.281,55.0,1,0,1
132.358,74.08,33.560,31.281,55.0,1,0,1
132.758,74.03,33.594,31.281,55.0,1,0,1
133.158,73.89,33.652,31.281,55.0,1,0,1
133.558,73.82,33.675,31.281,55.0,1,0,1
133.958,73.76,33.701,31.281,55.0,1,0,1
134.358,73.67,33.747,31.281,55.0,1,0,1
134.758,73.58,33.786,31.281,55.0,1,0,1
135.158,73.51,33.828,31.281,55.0,1,0,1
135.558,73.40,33.843,31.281,55.0,1,0,1
135.958,73.32,33.889,31.281,55.0,1,0,1
136.358,73.30,33.912,31.281,55.0,1,0,1
136.758,73.17,33.946,31.281,55.0,1,0,1
137.158,73.12,33.984,31.769,55.0,1,0,1
137.558,73.03,34.049,31.281,55.0,1,0,1
137.958,72.95,34.066,31.281,55.0,1,0,1
138.358,72.88,34.101,31.281,55.0,1,0,1
138.758,72.79,34.124,31.281,55.0,1,0,1
139.158,72.71,34.149,31.769,55.0,1,0,1
139.558,72.65,34.192,31.281,55.0,1,0,1
139.958,72.59,34.229,31.281,55.0,1,0,1
140.358,72.47,34.249,31.769,55.0,1,0,1
140.758,72.42,34.287,31.281,55.0,1,0,1
141.158,72.35,34.323,31.281,55.0,1,0,1
141.558,72.29,34.369,31.769,55.0,1,0,1
141.958,72.21,34.383,31.769,55.0,1,0,1
142.358,72.14,34.446,31.769,55.0,1,0,1
142.758,72.07,34.488,31.769,55.0,1,0,1
143.158,71.96,34.504,31.769,55.0,1,0,1
143.558,71.88,34.539,31.769,55.0,1,0,1
143.958,71.87,34.579,31.281,55.0,1,0,1
144.358,71.81,34.608,31.769,55.0,1,0,1
144.758,71.74,34.640,31.281,55.0,1,0,1
145.158,71.63,34.673,31.769,55.0,1,0,1
145.558,71.57,34.721,31.769,55.0,1,0,1
145.958,71.49,34.743,31.769,55.0,1,0,1
146.358,71.43,34.784,32.258,55.0,1,0,1
146.758,71.37,34.818,32.258,55.0,1,0,1
147.158,71.25,34.849,32.258,55.0,1,0,1
147.558,71.23,34.878,31.769,55.0,1,0,1
147.958,71.15,34.927,32.258,55.0,1,0,1
148.358,71.10,34.954,32.258,55.0,1,0,1
148.758,71.04,34.976,31.769,55.0,1,0,1
149.158,70.92,35.020,31.769,55.0,1,0,1
149.558,70.90,35.057,32.258,55.0,1,0,1
149.958,70.78,35.089,32.258,55.0,1,0,1
150.358,70.74,35.122,32.258,55.0,1,0,1
150.758,70.70,35.155,32.258,55.0,1,0,1
151.158,70.63,35.188,32.258,55.0,1,0,1
151.558,70.53,35.205,32.258,55.0,1,0,1
151.958,70.46,35.236,32.258,55.0,1,0,1
152.358,70.38,35.270,32.258,55.0,1,0,1
152.758,70.37,35.320,32.258,55.0,1,0,1
153.158,70.30,35.359,32.258,55.0,1,0,1
153.558,70.18,35.383,32.258,55.0,1,0,1
153.958,70.15,35.422,32.258,55.0,1,0,1
154.358,70.07,35.453,32.747,55.0,1,0,1
154.758,70.00,35.493,32.258,55.0,1,0,1
155.158,69.95,35.526,32.258,55.0,1,0,1
155.558,69.89,35.559,32.258,55.0,1,0,1
155.958,69.77,35.599,32.258,55.0,1,0,1
156.358,69.72,35.631,32.747,55.0,1,0,1
156.758,69.64,35.663,32.747,55.0,1,0,1
157.158,69.56,35.689,32.747,55.0,1,0,1
157.558,69.48,35.713,32.258,55.0,1,0,1
157.958,69.41,35.749,32.258,55.0,1,0,1
158.358,69.40,35.777,32.747,55.0,1,0,1
158.758,69.29,35.828,32.747,55.0,1,0,1
159.158,69.27,35.846,32.258,55.0,1,0,1
159.558,69.18,35.878,32.747,55.0,1,0,1
159.958,69.08,35.930,32.747,55.0,1,0,1
160.358,69.08,35.952,32.747,55.0,1,0,1
160.758,68.98,35.995,32.747,55.0,1,0,1
161.158,68.91,36.017,32.747,55.0,1,0,1
161.558,68.85,36.062,32.747,55.0,1,0,1
161.958,68.76,36.088,32.747,55.0,1,0,1
162.358,68.74,36.123,33.236,55.0,1,0,1
162.758,68.71,36.142,32.747,55.0,1,0,1
163.158,68.65,36.178,32.747,55.0,1,0,1
163.558,68.57,36.224,32.747,55.0,1,0,1
163.958,68.53,36.252,32.747,55.0,1,0,1
164.358,68.51,36.274,32.747,55.0,1,0,1
164.758,68.42,36.306,32.747,55.0,1,0,1
165.158,68.39,36.334,33.236,55.0,1,0,1
165.558,68.33,36.368,33.236,55.0,1,0,1
165.958,68.33,36.414,33.724,55.0,1,0,1
166.358,68.27,36.441,32.747,55.0,1,0,1
166.758,68.22,36.472,33.236,55.0,1,0,1
167.158,68.16,36.518,33.236,55.0,1,0,1
167.558,68.11,36.557,33.236,55.0,1,0,1
167.958,68.04,36.588,33.236,55.0,1,0,1
168.358,68.04,36.625,33.236,55.0,1,0,1
168.758,67.99,36.662,33.236,55.0,1,0,1
169.158,67.93,36.688,33.236,55.0,1,0,1
169.558,67.88,36.708,33.236,55.0,1,0,1
169.958,67.84,36.748,33.236,55.0,1,0,1
170.358,67.79,36.792,33.236,55.0,1,0,1
170.758,67.73,36.810,33.236,55.0,1,0,1
171.158,67.71,36.839,33.724,55.0,1,0,1
171.558,67.63,36.884,33.236,55.0,1,0,1
171.958,67.53,36.904,33.724,55.0,1,0,1
172.358,67.55,36.933,33.236,55.0,1,0,1
172.758,67.52,36.981,33.236,55.0,1,0,1
173.158,67.49,37.015,33.236,55.0,1,0,1
173.558,67.41,37.048,33.236,55.0,1,0,1
173.958,67.41,37.079,33.724,55.0,1,0,1
174.358,67.34,37.118,33.724,55.0,1,0,1
174.758,67.33,37.144,33.724,55.0,1,0,1
175.158,67.29,37.190,33.724,55.0,1,0,1
175.558,67.21,37.213,33.724,55.0,1,0,1
175.958,67.12,37.251,33.724,55.0,1,0,1
176.358,67.08,37.270,33.724,55.0,1,0,1
176.758,67.03,37.300,33.236,55.0,1,0,1
177.158,66.97,37.332,33.724,55.0,1,0,1
177.558,66.92,37.375,33.724,55.0,1,0,1
177.958,66.82,37.419,33.724,55.0,1,0,1
178.358,66.76,37.432,33.724,55.0,1,0,1
178.758,66.69,37.453,33.724,55.0,1,0,1
179.158,66.71,37.498,33.724,55.0,1,0,1
179.558,66.61,37.515,33.724,55.0,1,0,1
179.958,66.49,37.542,33.724,55.0,1,0,1
180.358,66.47,37.591,34.213,55.0,1,0,1
180.758,66.34,37.615,33.724,55.0,1,0,1
181.158,66.36,37.646,33.724,55.0,1,0,1
181.558,66.27,37.677,33.724,55.0,1,0,1
181.958,66.19,37.695,33.724,55.0,1,0,1
182.358,66.13,37.734,33.724,55.0,1,0,1
182.758,66.06,37.770,34.213,55.0,1,0,1
183.158,66.03,37.797,34.213,55.0,1,0,1
183.558,66.00,37.838,33.724,55.0,1,0,1
183.958,65.91,37.863,34.213,55.0,1,0,1
184.358,65.80,37.901,33.724,55.0,1,0,1
184.758,65.82,37.924,34.213,55.0,1,0,1
185.158,65.74,37.956,34.213,55.0,1,0,1
185.558,65.66,37.980,34.213,55.0,1,0,1
185.958,65.66,38.019,34.213,55.0,1,0,1
186.358,65.62,38.044,33.724,55.0,1,0,1
186.758,65.57,38.084,33.724,55.0,1,0,1
187.158,65.50,38.107,34.213,55.0,1,0,1
187.558,65.46,38.147,34.213,55.0,1,0,1
187.958,65.43,38.164,34.213,55.0,1,0,1
188.358,65.37,38.219,34.213,55.0,1,0,1
188.758,65.37,38.243,34.213,55.0,1,0,1
189.158,65.35,38.267,34.213,55.0,1,0,1
189.558,65.27,38.297,34.213,55.0,1,0,1
189.958,65.27,38.337,34.213,55.0,1,0,1
190.358,65.17,38.357,34.702,55.0,1,0,1
190.758,65.16,38.389,34.213,55.0,1,0,1
191.158,65.14,38.428,34.702,55.0,1,0,1
191.558,65.08,38.459,34.213,55.0,1,0,1
191.958,65.04,38.485,34.702,55.0,1,0,1
192.358,65.00,38.535,34.213,55.0,1,0,1
192.758,64.96,38.566,34.213,55.0,1,0,1
193.158,64.92,38.582,34.702,55.0,1,0,1
193.558,64.90,38.618,34.213,55.0,1,0,1
193.958,64.80,38.654,34.702,55.0,1,0,1
194.358,64.80,38.672,34.213,55.0,1,0,1
194.758,64.73,38.697,34.702,55.0,1,0,1
195.158,64.68,38.733,34.702,55.0,1,0,1
195.558,64.61,38.755,34.213,55.0,1,0,1
195.958,64.56,38.794,34.213,55.0,1,0,1
196.358,64.52,38.820,34.702,55.0,1,0,1
196.758,64.44,38.847,34.702,55.0,1,0,1
197.158,64.40,38.882,34.702,55.0,1,0,1
197.558,64.34,38.921,34.702,55.0,1,0,1
197.958,64.32,38.947,34.702,55.0,1,0,1
198.358,64.26,38.966,34.702,55.0,1,0,1
198.758,64.21,39.000,34.213,55.0,1,0,1
199.158,64.17,39.030,34.702,55.0,1,0,1
199.558,64.09,39.067,34.213,55.0,1,0,1
199.958,64.07,39.076,34.702,55.0,1,0,1
200.358,64.02,39.115,34.702,55.0,1,0,1
200.758,64.02,39.153,34.702,55.0,1,0,1
201.158,63.92,39.185,34.702,55.0,1,0,1
201.558,63.92,39.218,34.702,55.0,1,0,1
201.958,63.87,39.236,34.213,55.0,1,0,1
202.358,63.85,39.273,35.191,55.0,1,0,1
202.758,63.82,39.301,34.702,55.0,1,0,1
203.158,63.83,39.334,34.702,55.0,1,0,1
203.558,63.68,39.354,34.702,55.0,1,0,1
203.958,63.68,39.401,35.679,55.0,1,0,1
204.358,63.70,39.415,34.702,55.0,1,0,1
204.758,63.64,39.450,34.702,55.0,1,0,1
205.158,63.64,39.470,34.702,55.0,1,0,1
205.558,63.58,39.507,35.191,55.0,1,0,1
205.958,63.59,39.541,35.191,55.0,1,0,1
206.358,63.51,39.582,34.702,55.0,1,0,1
206.758,63.49,39.589,35.191,55.0,1,0,1
207.158,63.51,39.633,35.191,55.0,1,0,1
207.558,63.48,39.663,35.191,55.0,1,0,1
207.958,63.44,39.695,35.191,55.0,1,0,1
208.358,63.42,39.730,34.702,55.0,1,0,1
208.758,63.45,39.752,35.191,55.0,1,0,1
209.158,63.47,39.792,35.191,55.0,1,0,1
209.558,63.49,39.805,35.191,55.0,1,0,1
209.958,63.46,39.841,35.191,55.0,1,0,1
210.358,63.49,39.885,35.191,55.0,1,0,1
210.758,63.48,39.906,35.191,55.0,1,0,1
211.158,63.44,39.928,35.191,55.0,1,0,1
211.558,63.42,39.950,35.191,55.0,1,0,1
211.958,63.41,39.980,35.191,55.0,1,0,1
212.358,63.36,40.011,35.191,55.0,1,0,1
212.758,63.37,40.047,35.191,55.0,1,0,1
213.158,63.34,40.072,35.191,55.0,1,0,1
213.558,63.33,40.107,35.679,55.0,1,0,1
213.958,63.31,40.142,35.191,55.0,1,0,1
214.358,63.29,40.161,35.191,55.0,1,0,1
214.758,63.29,40.205,35.191,55.0,1,0,1
215.158,63.22,40.222,35.191,55.0,1,0,1
215.558,63.20,40.254,35.679,55.0,1,0,1
215.958,63.12,40.286,35.679,55.0,1,0,1
216.358,63.07,40.311,36.168,55.0,1,0,1
216.758,63.05,40.339,35.191,55.0,1,0,1
217.158,62.99,40.377,35.191,55.0,1,0,1
217.558,62.92,40.398,35.679,55.0,1,0,1
217.958,62.86,40.435,35.679,55.0,1,0,1
218.358,62.82,40.456,35.679,55.0,1,0,1
218.758,62.75,40.477,35.679,55.0,1,0,1
219.158,62.66,40.526,35.679,55.0,1,0,1
219.558,62.65,40.559,35.191,55.0,1,0,1
219.958,62.60,40.576,35.679,55.0,1,0,1
220.358,62.49,40.602,35.679,55.0,1,0,1
220.758,62.45,40.625,35.679,55.0,1,0,1
221.158,62.39,40.667,35.679,55.0,1,0,1
221.558,62.34,40.690,36.168,55.0,1,0,1
221.958,62.27,40.732,35.679,55.0,1,0,1
222.358,62.22,40.751,35.679,55.0,1,0,1
222.758,62.13,40.769,36.168,55.0,1,0,1
223.158,62.09,40.815,35.679,55.0,1,0,1
223.558,61.99,40.834,35.679,55.0,1,0,1
223.958,61.92,40.854,36.168,55.0,1,0,1
224.358,61.86,40.880,36.168,55.0,1,0,1
224.758,61.82,40.917,35.679,55.0,1,0,1
225.158,61.75,40.939,36.168,55.0,1,0,1
225.558,61.67,40.963,35.679,55.0,1,0,1
225.958,61.65,41.006,35.679,55.0,1,0,1
226.358,61.58,41.038,35.679,55.0,1,0,1
226.758,61.56,41.069,36.168,55.0,1,0,1
227.158,61.51,41.098,36.168,55.0,1,0,1
227.558,61.43,41.119,35.679,55.0,1,0,1
227.958,61.38,41.160,35.191,55.0,1,0,1
228.358,61.28,41.174,36.168,55.0,1,0,1
228.758,61.28,41.195,36.168,55.0,1,0,1
229.158,61.21,41.232,36.168,55.0,1,0,1
229.558,61.15,41.260,36.168,55.0,1,0,1
229.958,61.10,41.273,36.168,55.0,1,0,1
230.358,61.07,41.304,36.168,55.0,1,0,1
230.758,61.04,41.348,36.168,55.0,1,0,1
231.158,60.98,41.375,36.168,55.0,1,0,1
231.558,60.94,41.400,36.168,55.0,1,0,1
231.958,60.84,41.430,36.168,55.0,1,0,1
232.358,60.85,41.449,36.657,55.0,1,0,1
232.758,60.76,41.493,36.168,55.0,1,0,1
233.158,60.77,41.515,36.168,55.0,1,0,1
233.558,60.65,41.536,36.168,55.0,1,0,1
233.958,60.60,41.568,36.168,55.0,1,0,1
234.358,60.55,41.594,36.168,55.0,1,0,1
234.758,60.47,41.625,36.657,55.0,1,0,1
235.158,60.40,41.642,36.168,55.0,1,0,1
235.558,60.33,41.665,36.168,55.0,1,0,1
235.958,60.27,41.694,36.168,55.0,1,0,1
236.358,60.19,41.722,36.168,55.0,1,0,1
236.758,60.12,41.754,36.657,55.0,1,0,1
237.158,60.09,41.776,36.657,55.0,1,0,1
237.558,59.97,41.813,36.168,55.0,1,0,1
237.958,59.92,41.827,36.168,55.0,1,0,1
238.358,59.85,41.866,36.168,55.0,1,0,1
238.758,59.76,41.897,36.657,55.0,1,0,1
239.158,59.66,41.930,36.657,55.0,1,0,1
239.558,59.61,41.953,36.657,55.0,1,0,1
239.958,59.52,41.988,36.657,55.0,1,0,1
240.358,59.42,42.008,36.657,55.0,1,0,1
240.758,59.35,42.031,36.657,55.0,1,0,1
241.158,59.28,42.061,36.657,55.0,1,0,1
241.558,59.22,42.106,36.168,55.0,1,0,1
241.958,59.15,42.123,37.146,55.0,1,0,1
242.358,59.06,42.158,36.657,55.0,1,0,1
242.758,58.99,42.168,36.657,55.0,1,0,1
243.158,58.93,42.194,36.657,55.0,1,0,1
243.558,58.80,42.231,36.657,55.0,1,0,1
243.958,58.76,42.253,36.657,55.0,1,0,1
244.358,58.67,42.278,37.146,55.0,1,0,1
244.758,58.58,42.304,36.657,55.0,1,0,1
245.158,58.52,42.330,36.657,55.0,1,0,1
245.558,58.46,42.365,36.657,55.0,1,0,1
245.958,58.42,42.395,36.657,55.0,1,0,1
246.358,58.30,42.403,36.657,55.0,1,0,1
246.758,58.20,42.438,36.657,55.0,1,0,1
247.158,58.16,42.458,37.146,55.0,1,0,1
247.558,58.08,42.488,37.146,55.0,1,0,1
247.958,58.01,42.524,36.657,55.0,1,0,1
248.358,57.97,42.536,37.146,55.0,1,0,1
248.758,57.91,42.564,36.657,55.0,1,0,1
249.158,57.87,42.590,37.146,55.0,1,0,1
249.558,57.85,42.623,36.657,55.0,1,0,1
249.958,57.79,42.634,37.146,55.0,1,0,1
250.358,57.74,42.678,37.146,55.0,1,0,1
250.758,57.72,42.712,36.657,55.0,1,0,1
251.158,57.67,42.728,37.146,55.0,1,0,1
251.558,57.67,42.751,37.146,55.0,1,0,1
251.958,57.63,42.779,37.146,55.0,1,0,1
252.358,57.56,42.811,37.146,55.0,1,0,1
252.758,57.56,42.836,36.657,55.0,1,0,1
253.158,57.50,42.855,37.146,55.0,1,0,1
253.558,57.49,42.888,37.146,55.0,1,0,1
253.958,57.46,42.905,37.146,55.0,1,0,1
254.358,57.46,42.930,37.146,55.0,1,0,1
254.758,57.41,42.975,37.146,55.0,1,0,1
255.158,57.39,42.998,37.146,55.0,1,0,1
255.558,57.38,43.023,37.146,55.0,1,0,1
255.958,57.32,43.029,37.146,55.0,1,0,1
256.358,57.31,43.073,37.634,55.0,1,0,1
256.758,57.33,43.098,37.146,55.0,1,0,1
257.158,57.24,43.128,37.146,55.0,1,0,1
257.558,57.19,43.157,37.146,55.0,1,0,1
257.958,57.16,43.181,37.146,55.0,1,0,1
258.358,57.15,43.195,37.146,55.0,1,0,1
258.758,57.16,43.229,37.634,55.0,1,0,1
259.158,57.02,43.241,37.634,55.0,1,0,1
259.558,57.04,43.289,37.634,55.0,1,0,1
259.958,57.03,43.304,37.634,55.0,1,0,1
260.358,57.02,43.320,37.634,55.0,1,0,1
260.758,56.97,43.354,37.634,55.0,1,0,1
261.158,56.92,43.380,37.634,55.0,1,0,1
261.558,56.87,43.402,37.634,55.0,1,0,1
261.958,56.85,43.423,37.634,55.0,1,0,1
262.358,56.85,43.455,37.634,55.0,1,0,1
262.758,56.80,43.489,37.634,55.0,1,0,1
263.158,56.78,43.511,37.634,55.0,1,0,1
263.558,56.73,43.523,37.634,55.0,1,0,1
263.958,56.71,43.558,37.634,55.0,1,0,1
264.358,56.64,43.569,37.634,55.0,1,0,1
264.758,56.69,43.608,37.634,55.0,1,0,1
265.158,56.67,43.633,37.634,55.0,1,0,1
265.558,56.66,43.645,37.634,55.0,1,0,1
265.958,56.65,43.688,37.634,55.0,1,0,1
266.358,56.59,43.689,37.634,55.0,1,0,1
266.758,56.59,43.722,37.634,55.0,1,0,1
267.158,56.62,43.752,37.634,55.0,1,0,1
267.558,56.57,43.773,37.634,55.0,1,0,1
267.958,56.53,43.808,37.634,55.0,1,0,1
268.358,56.50,43.815,37.634,55.0,1,0,1
268.758,56.50,43.840,37.634,55.0,1,0,1
269.158,56.47,43.873,37.634,55.0,1,0,1
269.558,56.39,43.898,37.634,55.0,1,0,1
269.958,56.38,43.925,37.634,55.0,1,0,1
270.358,56.37,43.962,37.634,55.0,1,0,1
270.758,56.35,43.965,37.634,55.0,1,0,1
271.158,56.31,44.004,37.634,55.0,1,0,1
271.558,56.30,44.028,37.634,55.0,1,0,1
271.958,56.23,44.049,37.634,55.0,1,0,1
272.358,56.22,44.088,38.123,55.0,1,0,1
272.758,56.19,44.099,38.123,55.0,1,0,1
273.158,56.17,44.110,37.634,55.0,1,0,1
273.558,56.15,44.145,37.634,55.0,1,0,1
273.958,56.08,44.170,38.123,55.0,1,0,1
274.358,56.05,44.197,38.123,55.0,1,0,1
274.758,56.02,44.221,38.123,55.0,1,0,1
275.158,56.00,44.248,38.123,55.0,1,0,1
275.558,55.97,44.263,37.634,55.0,1,0,1
275.958,55.91,44.304,38.123,55.0,1,0,1
276.358,55.90,44.312,38.123,55.0,1,0,1
276.758,55.85,44.338,38.123,55.0,1,0,1
277.158,55.81,44.353,37.634,55.0,1,0,1
277.558,55.75,44.370,38.123,55.0,1,0,1
277.958,55.70,44.396,38.123,55.0,1,0,1
278.358,55.65,44.423,38.123,55.0,1,0,1
278.758,55.67,44.445,38.123,55.0,1,0,1
279.158,55.60,44.480,38.123,55.0,1,0,1
279.558,55.60,44.505,38.123,55.0,1,0,1
279.958,55.58,44.529,38.123,55.0,1,0,1
280.358,55.56,44.545,38.123,55.0,1,0,1
280.758,55.49,44.578,38.612,55.0,1,0,1
281.158,55.52,44.599,38.123,55.0,1,0,1
281.558,55.49,44.614,38.123,55.0,1,0,1
281.958,55.42,44.644,38.123,55.0,1,0,1
282.358,55.40,44.667,38.123,55.0,1,0,1
282.758,55.40,44.689,38.612,55.0,1,0,1
283.158,55.37,44.715,38.612,55.0,1,0,1
283.558,55.35,44.731,38.612,55.0,1,0,1
283.958,55.30,44.759,38.612,55.0,1,0,1
284.358,55.27,44.779,38.612,55.0,1,0,1
284.758,55.27,44.806,38.612,55.0,1,0,1
285.158,55.22,44.846,38.123,55.0,1,0,1
285.558,55.16,44.836,38.612,55.0,1,0,1
285.958,55.12,44.885,38.123,55.0,1,0,1
286.358,55.09,44.896,38.612,55.0,1,0,1
286.758,55.02,44.920,38.612,55.0,1,0,1
287.158,55.04,44.942,38.612,55.0,1,0,1
287.558,54.95,44.966,38.612,55.0,1,0,1
287.958,54.92,44.987,38.123,55.0,1,0,1
288.358,54.89,45.007,38.123,55.0,1,0,1
288.758,54.86,45.043,38.123,55.0,1,0,1
289.158,54.81,45.069,38.612,55.0,1,0,1
289.558,54.82,45.083,38.612,55.0,1,0,1
289.958,54.77,45.103,38.612,55.0,1,0,1
290.358,54.75,45.141,38.612,55.0,1,0,1
290.758,54.72,45.171,38.612,55.0,1,0,1
291.158,54.72,45.188,38.612,55.0,1,0,1
291.558,54.72,45.210,38.612,55.0,1,0,1
291.958,54.67,45.226,38.612,55.0,1,0,1
292.358,54.65,45.235,38.612,55.0,1,0,1
292.758,54.64,45.268,38.612,55.0,1,0,1
293.158,54.66,45.303,38.612,55.0,1,0,1
293.558,54.61,45.313,38.612,55.0,1,0,1
293.958,54.58,45.323,38.612,55.0,1,0,1
294.358,54.55,45.359,38.612,55.0,1,0,1
294.758,54.55,45.375,39.101,55.0,1,0,1
295.158,54.53,45.396,38.612,55.0,1,0,1
295.558,54.49,45.421,38.612,55.0,1,0,1
295.958,54.46,45.442,39.101,55.0,1,0,1
296.358,54.39,45.464,38.612,55.0,1,0,1
296.758,54.38,45.487,38.612,55.0,1,0,1
297.158,54.33,45.512,38.612,55.0,1,0,1
297.558,54.29,45.537,39.101,55.0,1,0,1
297.958,54.26,45.526,39.101,55.0,1,0,1
298.358,54.20,45.571,39.101,55.0,1,0,1
298.758,54.11,45.597,39.101,55.0,1,0,1
299.158,54.13,45.615,39.101,55.0,1,0,1
299.558,54.07,45.642,38.612,55.0,1,0,1
299.958,54.09,45.658,39.101,55.0,1,0,1
300.358,54.06,45.693,38.612,55.0,1,0,1
300.758,53.99,45.703,39.101,55.0,1,0,1
301.158,54.00,45.728,39.101,55.0,1,0,1
301.558,53.95,45.737,39.589,55.0,1,0,1
301.958,53.91,45.770,39.101,55.0,1,0,1
302.358,53.89,45.782,39.101,55.0,1,0,1
302.758,53.85,45.813,39.101,55.0,1,0,1
303.158,53.84,45.834,39.101,55.0,1,0,1
303.558,53.85,45.856,39.101,55.0,1,0,1
303.958,53.77,45.874,39.101,55.0,1,0,1
304.358,53.73,45.897,39.101,55.0,1,0,1
304.758,53.73,45.918,39.101,55.0,1,0,1
305.158,53.70,45.930,39.101,55.0,1,0,1
305.558,53.65,45.963,39.101,55.0,1,0,1
305.958,53.63,45.977,39.589,55.0,1,0,1
306.358,53.61,45.981,39.101,55.0,1,0,1
306.758,53.59,46.018,39.101,55.0,1,0,1
307.158,53.55,46.037,39.101,55.0,1,0,1
307.558,53.53,46.058,39.101,55.0,1,0,1
307.958,53.50,46.080,39.101,55.0,1,0,1
308.358,53.49,46.102,39.101,55.0,1,0,1
308.758,53.44,46.129,39.101,55.0,1,0,1
309.158,53.41,46.140,39.101,55.0,1,0,1
309.558,53.41,46.164,39.589,55.0,1,0,1
309.958,53.39,46.171,39.589,55.0,1,0,1
310.358,53.37,46.208,39.101,55.0,1,0,1
310.758,53.38,46.232,39.101,55.0,1,0,1
311.158,53.35,46.237,39.101,55.0,1,0,1
311.558,53.31,46.256,39.101,55.0,1,0,1
311.958,53.28,46.292,39.589,55.0,1,0,1
312.358,53.25,46.297,39.101,55.0,1,0,1
312.758,53.25,46.325,39.101,55.0,1,0,1
313.158,53.23,46.343,39.101,55.0,1,0,1
313.558,53.16,46.368,39.589,55.0,1,0,1
313.958,53.21,46.393,39.101,55.0,1,0,1
314.358,53.16,46.410,39.101,55.0,1,0,1
314.758,53.14,46.431,39.589,55.0,1,0,1
315.158,53.12,46.447,39.101,55.0,1,0,1
315.558,53.07,46.468,39.589,55.0,1,0,1
315.958,53.08,46.486,39.589,55.0,1,0,1
316.358,53.03,46.515,39.589,55.0,1,0,1
316.758,53.01,46.541,39.589,55.0,1,0,1
317.158,53.01,46.552,39.589,55.0,1,0,1
317.558,52.96,46.575,39.589,55.0,1,0,1
317.958,52.89,46.594,39.589,55.0,1,0,1
318.358,52.87,46.618,39.589,55.0,1,0,1
318.758,52.83,46.638,39.589,55.0,1,0,1
319.158,52.79,46.646,39.589,55.0,1,0,1
319.558,52.78,46.657,39.589,55.0,1,0,1
319.958,52.74,46.699,39.589,55.0,1,0,1
320.358,52.72,46.716,39.589,55.0,1,0,1
320.758,52.68,46.725,39.589,55.0,1,0,1
321.158,52.65,46.759,39.589,55.0,1,0,1
321.558,52.66,46.776,40.078,55.0,1,0,1
321.958,52.59,46.794,39.589,55.0,1,0,1
322.358,52.60,46.820,39.589,55.0,1,0,1
322.758,52.51,46.837,39.589,55.0,1,0,1
323.158,52.52,46.844,39.589,55.0,1,0,1
323.558,52.50,46.882,39.589,55.0,1,0,1
323.958,52.47,46.889,40.078,55.0,1,0,1
324.358,52.44,46.902,39.589,55.0,1,0,1
324.758,52.48,46.924,39.589,55.0,1,0,1
325.158,52.37,46.948,39.589,55.0,1,0,1
325.558,52.38,46.963,40.078,55.0,1,0,1
325.958,52.34,46.995,39.589,55.0,1,0,1
326.358,52.33,47.000,39.589,55.0,1,0,1
326.758,52.33,47.016,40.078,55.0,1,0,1
327.158,52.28,47.053,39.589,55.0,1,0,1
327.558,52.25,47.073,40.078,55.0,1,0,1
327.958,52.20,47.098,40.078,55.0,1,0,1
328.358,52.17,47.099,40.078,55.0,1,0,1
328.758,52.12,47.121,40.078,55.0,1,0,1
329.158,52.13,47.131,40.078,55.0,1,0,1
329.558,52.10,47.153,40.078,55.0,1,0,1
329.958,52.04,47.177,40.078,55.0,1,0,1
330.358,52.06,47.202,39.589,55.0,1,0,1
330.758,52.02,47.212,40.078,55.0,1,0,1
331.158,52.04,47.220,40.078,55.0,1,0,1
331.558,51.95,47.243,40.078,55.0,1,0,1
331.958,51.95,47.263,40.078,55.0,1,0,1
332.358,51.94,47.302,39.589,55.0,1,0,1
332.758,51.92,47.298,39.589,55.0,1,0,1
333.158,51.88,47.323,40.078,55.0,1,0,1
333.558,51.82,47.343,39.589,55.0,1,0,1
333.958,51.81,47.363,40.078,55.0,1,0,1
334.358,51.81,47.382,40.078,55.0,1,0,1
334.758,51.81,47.398,40.078,55.0,1,0,1
335.158,51.76,47.417,40.078,55.0,1,0,1
335.558,51.72,47.442,39.589,55.0,1,0,1
335.958,51.71,47.452,39.101,55.0,1,0,1
336.358,51.70,47.473,40.078,55.0,1,0,1
336.758,51.68,47.500,40.078,55.0,1,0,1
337.158,51.59,47.515,40.078,55.0,1,0,1
337.558,51.62,47.524,40.078,55.0,1,0,1
337.958,51.60,47.535,40.078,55.0,1,0,1
338.358,51.56,47.572,40.078,55.0,1,0,1
338.758,51.55,47.597,40.078,55.0,1,0,1
339.158,51.54,47.599,40.078,55.0,1,0,1
339.558,51.51,47.624,40.078,55.0,1,0,1
339.958,51.47,47.637,40.078,55.0,1,0,1
340.358,51.44,47.650,40.567,55.0,1,0,1
340.758,51.45,47.670,40.078,55.0,1,0,1
341.158,51.42,47.700,40.078,55.0,1,0,1
341.558,51.37,47.724,40.078,55.0,1,0,1
341.958,51.36,47.723,40.567,55.0,1,0,1
342.358,51.33,47.745,40.078,55.0,1,0,1
342.758,51.31,47.769,40.567,55.0,1,0,1
343.158,51.24,47.791,40.078,55.0,1,0,1
343.558,51.26,47.805,40.078,55.0,1,0,1
343.958,51.23,47.812,40.078,55.0,1,0,1
344.358,51.19,47.841,40.078,55.0,1,0,1
344.758,51.16,47.849,40.567,55.0,1,0,1
345.158,51.18,47.865,40.567,55.0,1,0,1
345.558,51.13,47.879,40.078,55.0,1,0,1
345.958,51.08,47.898,40.078,55.0,1,0,1
346.358,51.13,47.907,40.567,55.0,1,0,1
346.758,51.06,47.939,40.078,55.0,1,0,1
347.158,51.01,47.957,40.078,55.0,1,0,1
347.558,51.01,47.966,40.078,55.0,1,0,1
347.958,51.00,48.009,40.567,55.0,1,0,1
348.358,50.95,48.001,40.567,55.0,1,0,1
348.758,50.96,48.018,40.078,55.0,1,0,1
349.158,50.95,48.046,40.567,55.0,1,0,1
349.558,50.89,48.056,40.567,55.0,1,0,1
349.958,50.89,48.077,40.567,55.0,1,0,1
350.358,50.82,48.097,40.567,55.0,1,0,1
350.758,50.80,48.102,40.567,55.0,1,0,1
351.158,50.78,48.134,40.078,55.0,1,0,1
351.558,50.76,48.153,40.567,55.0,1,0,1
351.958,50.72,48.163,40.567,55.0,1,0,1
352.358,50.68,48.175,40.567,55.0,1,0,1
352.758,50.65,48.190,40.567,55.0,1,0,1
353.158,50.64,48.208,40.567,55.0,1,0,1
353.558,50.60,48.239,40.567,55.0,1,0,1
353.958,50.57,48.248,40.567,55.0,1,0,1
354.358,50.52,48.262,40.567,55.0,1,0,1
354.758,50.52,48.281,41.056,55.0,1,0,1
355.158,50.48,48.296,40.567,55.0,1,0,1
355.558,50.47,48.319,40.567,55.0,1,0,1
355.958,50.42,48.343,40.567,55.0,1,0,1
356.358,50.41,48.351,40.567,55.0,1,0,1
356.758,50.40,48.349,41.056,55.0,1,0,1
357.158,50.35,48.374,40.567,55.0,1,0,1
357.558,50.36,48.407,40.567,55.0,1,0,1
357.958,50.31,48.422,40.567,55.0,1,0,1
358.358,50.28,48.436,40.567,55.0,1,0,1
358.758,50.25,48.445,41.056,55.0,1,0,1
359.158,50.19,48.458,41.056,55.0,1,0,1
359.558,50.22,48.480,40.567,55.0,1,0,1
359.958,50.14,48.503,41.056,55.0,1,0,1
360.358,50.13,48.510,41.056,55.0,1,0,1
360.758,50.13,48.531,40.567,55.0,1,0,1
361.158,50.08,48.540,41.056,55.0,1,0,1
361.558,50.05,48.566,40.567,55.0,1,0,1
361.958,50.01,48.578,40.567,55.0,1,0,1
362.358,50.03,48.594,40.567,55.0,1,0,1
362.758,49.99,48.623,40.567,55.0,1,0,1
363.158,49.94,48.619,40.567,55.0,1,0,1
363.558,49.93,48.634,40.567,55.0,1,0,1
363.958,49.91,48.655,40.567,55.0,1,0,1
364.358,49.86,48.662,40.567,55.0,1,0,1
364.758,49.83,48.688,40.567,55.0,1,0,1
365.158,49.81,48.712,40.567,55.0,1,0,1
365.558,49.77,48.719,41.056,55.0,1,0,1
365.958,49.75,48.742,41.056,55.0,1,0,1
366.358,49.75,48.760,41.056,55.0,1,0,1
366.758,49.70,48.765,40.567,55.0,1,0,1
367.158,49.69,48.791,41.056,55.0,1,0,1
367.558,49.66,48.807,40.567,55.0,1,0,1
367.958,49.62,48.819,40.567,55.0,1,0,1
368.358,49.61,48.842,40.567,55.0,1,0,1
368.758,49.59,48.849,41.056,55.0,1,0,1
369.158,49.53,48.865,41.056,55.0,1,0,1
369.558,49.52,48.882,41.056,55.0,1,0,1
369.958,49.49,48.907,41.056,55.0,1,0,1
370.358,49.49,48.917,41.056,55.0,1,0,1
370.758,49.43,48.931,41.056,55.0,1,0,1
371.158,49.37,48.945,41.056,55.0,1,0,1
371.558,49.36,48.962,41.056,55.0,1,0,1
371.958,49.35,48.972,41.056,55.0,1,0,1
372.358,49.31,48.996,41.056,55.0,1,0,1
372.758,49.30,49.001,41.056,55.0,1,0,1
373.158,49.26,49.018,41.056,55.0,1,0,1
373.558,49.25,49.039,41.056,55.0,1,0,1
373.958,49.20,49.062,41.056,55.0,1,0,1
374.358,49.17,49.100,41.056,55.0,1,0,1
374.758,49.16,49.088,41.056,55.0,1,0,1
375.158,49.10,49.099,41.056,55.0,1,0,1
375.558,49.12,49.127,41.056,55.0,1,0,1
375.958,49.08,49.138,41.056,55.0,1,0,1
376.358,49.03,49.158,41.056,55.0,1,0,1
376.758,49.00,49.172,41.056,55.0,1,0,1
377.158,48.99,49.172,41.056,55.0,1,0,1
377.558,48.94,49.190,41.056,55.0,1,0,1
377.958,48.95,49.201,41.056,55.0,1,0,1
378.358,48.92,49.216,41.056,55.0,1,0,1
378.758,48.88,49.241,41.056,55.0,1,0,1
379.158,48.89,49.256,41.056,55.0,1,0,1
379.558,48.83,49.274,41.544,55.0,1,0,1
379.958,48.84,49.301,41.056,55.0,1,0,1
380.358,48.78,49.309,41.056,55.0,1,0,1
380.758,48.77,49.333,41.544,55.0,1,0,1
381.158,48.77,49.330,41.544,55.0,1,0,1
381.558,48.73,49.354,41.544,55.0,1,0,1
381.958,48.70,49.366,41.056,55.0,1,0,1
382.358,48.70,49.378,41.056,55.0,1,0,1
382.758,48.66,49.398,41.056,55.0,1,0,1
383.158,48.67,49.403,41.544,55.0,1,0,1
383.558,48.66,49.430,41.056,55.0,1,0,1
383.958,48.64,49.445,41.544,55.0,1,0,1
384.358,48.61,49.460,41.544,55.0,1,0,1
384.758,48.60,49.480,41.544,55.0,1,0,1
385.158,48.58,49.499,41.544,55.0,1,0,1
385.558,48.55,49.509,41.544,55.0,1,0,1
385.958,48.53,49.520,41.544,55.0,1,0,1
386.358,48.51,49.553,41.056,55.0,1,0,1
386.758,48.50,49.554,41.544,55.0,1,0,1
387.158,48.47,49.565,41.544,55.0,1,0,1
387.558,48.47,49.581,41.544,55.0,1,0,1
387.958,48.44,49.592,41.544,55.0,1,0,1
388.358,48.40,49.610,41.544,55.0,1,0,1
388.758,48.33,49.635,41.544,55.0,1,0,1
389.158,48.35,49.643,41.056,55.0,1,0,1
389.558,48.29,49.662,41.544,55.0,1,0,1
389.958,48.30,49.667,41.544,55.0,1,0,1
390.358,48.27,49.687,41.544,55.0,1,0,1
390.758,48.25,49.693,41.544,55.0,1,0,1
391.158,48.27,49.708,41.056,55.0,1,0,1
391.558,48.24,49.712,41.544,55.0,1,0,1
391.958,48.23,49.754,41.544,55.0,1,0,1
392.358,48.22,49.751,41.544,55.0,1,0,1
392.758,48.14,49.757,41.544,55.0,1,0,1
393.158,48.11,49.771,41.544,55.0,1,0,1
393.558,48.13,49.786,41.544,55.0,1,0,1
393.958,48.12,49.806,41.544,55.0,1,0,1
394.358,48.11,49.821,41.544,55.0,1,0,1
394.758,48.10,49.826,41.544,55.0,1,0,1
395.158,48.05,49.838,41.544,55.0,1,0,1
395.558,48.02,49.843,41.544,55.0,1,0,1
395.958,48.01,49.881,41.544,55.0,1,0,1
396.358,47.97,49.877,41.544,55.0,1,0,1
396.758,47.97,49.899,41.544,55.0,1,0,1
397.158,47.95,49.917,41.544,55.0,1,0,1
397.558,47.94,49.933,41.544,55.0,1,0,1
397.958,47.91,49.953,41.544,55.0,1,0,1
398.358,47.92,49.955,42.033,55.0,1,0,1
398.758,47.90,49.977,41.544,55.0,1,0,1
399.158,47.89,49.994,42.033,55.0,1,0,1
399.558,47.87,49.996,41.544,55.0,1,0,1
399.958,47.86,50.020,41.544,55.0,1,0,1
400.358,47.77,50.023,41.544,55.0,1,0,1
400.758,47.80,50.035,41.544,55.0,1,0,1
401.158,47.78,50.050,41.544,55.0,1,0,1
401.558,47.72,50.080,41.544,55.0,1,0,1
401.958,47.72,50.081,42.033,55.0,1,0,1
402.358,47.67,50.095,41.544,55.0,1,0,1
402.758,47.62,50.114,41.544,55.0,1,0,1
403.158,47.60,50.125,42.033,55.0,1,0,1
403.558,47.60,50.149,41.544,55.0,1,0,1
403.958,47.57,50.156,41.544,55.0,1,0,1
404.358,47.53,50.174,42.033,55.0,1,0,1
404.758,47.53,50.173,42.033,55.0,1,0,1
405.158,47.51,50.190,41.544,55.0,1,0,1
405.558,47.48,50.202,41.544,55.0,1,0,1
405.958,47.45,50.210,41.544,55.0,1,0,1
406.358,47.42,50.225,41.544,55.0,1,0,1
406.758,47.40,50.245,42.033,55.0,1,0,1
407.158,47.39,50.253,42.033,55.0,1,0,1
407.558,47.37,50.255,42.033,55.0,1,0,1
407.958,47.34,50.286,41.544,55.0,1,0,1
408.358,47.31,50.292,42.033,55.0,1,0,1
408.758,47.33,50.304,41.544,55.0,1,0,1
409.158,47.30,50.323,42.033,55.0,1,0,1
409.558,47.31,50.336,41.544,55.0,1,0,1
409.958,47.28,50.336,42.033,55.0,1,0,1
410.358,47.25,50.352,41.544,55.0,1,0,1
410.758,47.23,50.371,42.033,55.0,1,0,1
411.158,47.20,50.378,42.033,55.0,1,0,1
411.558,47.20,50.387,41.544,55.0,1,0,1
411.958,47.15,50.402,42.033,55.0,1,0,1
412.358,47.12,50.413,41.544,55.0,1,0,1
412.758,47.13,50.420,42.033,55.0,1,0,1
413.158,47.06,50.452,42.033,55.0,1,0,1
413.558,47.06,50.479,42.033,55.0,1,0,1
413.958,47.04,50.479,42.033,55.0,1,0,1
414.358,47.01,50.489,42.033,55.0,1,0,1
414.758,47.03,50.513,42.033,55.0,1,0,1
415.158,46.99,50.522,42.033,55.0,1,0,1
415.558,46.98,50.535,41.544,55.0,1,0,1
415.958,46.96,50.541,42.033,55.0,1,0,1
416.358,46.96,50.560,42.033,55.0,1,0,1
416.758,46.99,50.577,42.033,55.0,1,0,1
417.158,46.94,50.588,42.033,55.0,1,0,1
417.558,46.95,50.589,42.033,55.0,1,0,1
417.958,46.88,50.609,42.033,55.0,1,0,1
418.358,46.89,50.623,42.033,55.0,1,0,1
418.758,46.84,50.623,41.544,55.0,1,0,1
419.158,46.84,50.639,42.033,55.0,1,0,1
419.558,46.80,50.639,41.544,55.0,1,0,1
419.958,46.82,50.661,42.033,55.0,1,0,1
420.358,46.75,50.673,42.033,55.0,1,0,1
420.758,46.77,50.692,42.033,55.0,1,0,1
421.158,46.71,50.686,42.033,55.0,1,0,1
421.558,46.67,50.707,42.033,55.0,1,0,1
421.958,46.65,50.728,42.033,55.0,1,0,1
422.358,46.61,50.738,42.033,55.0,1,0,1
422.758,46.59,50.761,42.033,55.0,1,0,1
423.158,46.59,50.760,42.033,55.0,1,0,1
423.558,46.52,50.775,42.033,55.0,1,0,1
423.958,46.55,50.776,42.033,55.0,1,0,1
424.358,46.54,50.794,42.033,55.0,1,0,1
424.758,46.48,50.814,42.522,55.0,1,0,1
425.158,46.46,50.821,42.033,55.0,1,0,1
425.558,46.46,50.832,42.033,55.0,1,0,1
425.958,46.41,50.846,42.033,55.0,1,0,1
426.358,46.38,50.861,42.033,55.0,1,0,1
426.758,46.38,50.855,42.033,55.0,1,0,1
427.158,46.38,50.883,42.033,55.0,1,0,1
427.558,46.34,50.906,42.033,55.0,1,0,1
427.958,46.29,50.913,42.033,55.0,1,0,1
428.358,46.31,50.922,42.033,55.0,1,0,1
428.758,46.27,50.929,42.033,55.0,1,0,1
429.158,46.25,50.945,42.522,55.0,1,0,1
429.558,46.24,50.948,42.033,55.0,1,0,1
429.958,46.19,50.976,42.033,55.0,1,0,1
430.358,46.20,50.977,41.544,55.0,1,0,1
430.758,46.19,50.993,42.033,55.0,1,0,1
431.158,46.17,51.011,43.011,55.0,1,0,1
431.558,46.13,51.032,42.033,55.0,1,0,1
431.958,46.12,51.033,42.033,55.0,1,0,1
432.358,46.11,51.031,42.522,55.0,1,0,1
432.758,46.08,51.056,42.033,55.0,1,0,1
433.158,46.07,51.062,42.522,55.0,1,0,1
433.558,46.05,51.083,42.522,55.0,1,0,1
433.958,46.05,51.084,42.033,55.0,1,0,1
434.358,46.02,51.106,42.033,55.0,1,0,1
434.758,46.00,51.126,42.033,55.0,1,0,1
435.158,46.01,51.118,42.033,55.0,1,0,1
435.558,45.97,51.131,42.522,55.0,1,0,1
435.958,45.98,51.143,42.522,55.0,1,0,1
436.358,45.95,51.160,42.033,55.0,1,0,1
436.758,45.92,51.174,42.522,55.0,1,0,1
437.158,45.89,51.190,42.033,55.0,1,0,1
437.558,45.83,51.197,42.522,55.0,1,0,1
437.958,45.83,51.212,42.522,55.0,1,0,1
438.358,45.81,51.208,43.011,55.0,1,0,1
438.758,45.80,51.229,42.522,55.0,1,0,1
439.158,45.80,51.242,42.522,55.0,1,0,1
439.558,45.76,51.248,42.522,55.0,1,0,1
439.958,45.76,51.258,42.522,55.0,1,0,1
440.358,45.76,51.270,43.011,55.0,1,0,1
440.758,45.72,51.279,41.544,55.0,1,0,1
441.158,45.68,51.296,42.522,55.0,1,0,1
441.558,45.67,51.315,42.522,55.0,1,0,1
441.958,45.70,51.321,42.522,55.0,1,0,1
442.358,45.65,51.325,42.522,55.0,1,0,1
442.758,45.62,51.352,42.522,55.0,1,0,1
443.158,45.60,51.358,42.522,55.0,1,0,1
443.558,45.59,51.360,42.522,55.0,1,0,1
443.958,45.60,51.373,42.522,55.0,1,0,1
444.358,45.53,51.382,42.522,55.0,1,0,1
444.758,45.51,51.409,42.522,55.0,1,0,1
445.158,45.47,51.406,42.522,55.0,1,0,1
445.558,45.48,51.417,43.011,55.0,1,0,1
445.958,45.48,51.418,42.522,55.0,1,0,1
446.358,45.43,51.450,42.522,55.0,1,0,1
446.758,45.39,51.449,42.522,55.0,1,0,1
447.158,45.38,51.459,42.522,55.0,1,0,1
447.558,45.34,51.469,42.522,55.0,1,0,1
447.958,45.30,51.485,42.522,55.0,1,0,1
448.358,45.27,51.505,42.522,55.0,1,0,1
448.758,45.27,51.507,42.522,55.0,1,0,1
449.158,45.23,51.509,42.522,55.0,1,0,1
449.558,45.20,51.529,42.522,55.0,1,0,1
449.958,45.20,51.534,42.522,55.0,1,0,1
450.358,45.17,51.563,42.522,55.0,1,0,1
450.758,45.14,51.550,42.522,55.0,1,0,1
451.158,45.11,51.564,42.522,55.0,1,0,1
451.558,45.12,51.573,42.522,55.0,1,0,1
451.958,45.08,51.606,42.522,55.0,1,0,1
452.358,45.03,51.602,42.522,55.0,1,0,1
452.758,45.00,51.613,43.011,55.0,1,0,1
453.158,44.99,51.631,42.522,55.0,1,0,1
453.558,44.94,51.632,42.522,55.0,1,0,1
453.958,44.92,51.647,42.522,55.0,1,0,1
454.358,44.88,51.655,42.522,55.0,1,0,1
454.758,44.85,51.688,42.522,55.0,1,0,1
455.158,44.84,51.696,42.522,55.0,1,0,1
455.558,44.82,51.689,42.522,55.0,1,0,1
455.958,44.78,51.709,42.522,55.0,1,0,1
456.358,44.71,51.718,42.522,55.0,1,0,1
456.758,44.76,51.736,42.522,55.0,1,0,1
457.158,44.71,51.741,43.011,55.0,1,0,1
457.558,44.69,51.750,42.522,55.0,1,0,1
457.958,44.67,51.755,43.011,55.0,1,0,1
458.358,44.65,51.785,43.011,55.0,1,0,1
458.758,44.64,51.765,43.011,55.0,1,0,1
459.158,44.60,51.795,43.011,55.0,1,0,1
459.558,44.61,51.813,43.011,55.0,1,0,1
459.958,44.57,51.813,42.522,55.0,1,0,1
460.358,44.55,51.834,42.522,55.0,1,0,1
460.758,44.53,51.845,43.011,55.0,1,0,1
461.158,44.50,51.842,43.011,55.0,1,0,1
461.558,44.50,51.865,42.522,55.0,1,0,1
461.958,44.50,51.868,43.011,55.0,1,0,1
462.358,44.48,51.895,43.011,55.0,1,0,1
462.758,44.46,51.888,42.522,55.0,1,0,1
463.158,44.46,51.892,42.522,55.0,1,0,1
463.558,44.41,51.917,43.011,55.0,1,0,1
463.958,44.42,51.911,43.011,55.0,1,0,1
464.358,44.41,51.927,43.011,55.0,1,0,1
464.758,44.38,51.943,43.011,55.0,1,0,1
465.158,44.34,51.944,43.011,55.0,1,0,1
465.558,44.31,51.954,43.011,55.0,1,0,1
465.958,44.29,51.963,43.011,55.0,1,0,1
466.358,44.24,51.995,43.011,55.0,1,0,1
466.758,44.22,51.995,43.011,55.0,1,0,1
467.158,44.20,52.016,43.011,55.0,1,0,1
467.558,44.20,52.007,42.522,55.0,1,0,1
467.958,44.17,52.037,42.522,55.0,1,0,1
468.358,44.13,52.033,41.056,55.0,1,0,1
468.758,44.09,52.038,43.011,55.0,1,0,1
469.158,44.08,52.058,43.011,55.0,1,0,1
469.558,44.08,52.057,43.011,55.0,1,0,1
469.958,44.05,52.070,43.011,55.0,1,0,1
470.358,44.05,52.080,43.011,55.0,1,0,1
470.758,43.99,52.080,43.011,55.0,1,0,1
471.158,43.97,52.089,43.011,55.0,1,0,1
471.558,43.94,52.112,43.011,55.0,1,0,1
471.958,43.97,52.125,43.011,55.0,1,0,1
472.358,43.93,52.130,43.011,55.0,1,0,1
472.758,43.90,52.147,42.522,55.0,1,0,1
473.158,43.87,52.144,43.011,55.0,1,0,1
473.558,43.87,52.146,42.522,55.0,1,0,1
473.958,43.85,52.165,43.011,55.0,1,0,1
474.358,43.85,52.187,43.011,55.0,1,0,1
474.758,43.85,52.200,43.011,55.0,1,0,1
475.158,43.82,52.215,43.011,55.0,1,0,1
475.558,43.81,52.225,42.522,55.0,1,0,1
475.958,43.77,52.218,43.011,55.0,1,0,1
476.358,43.76,52.236,43.011,55.0,1,0,1
476.758,43.79,52.234,43.011,55.0,1,0,1
477.158,43.77,52.240,43.011,55.0,1,0,1
477.558,43.76,52.250,42.522,55.0,1,0,1
477.958,43.73,52.269,43.011,55.0,1,0,1
478.358,43.73,52.275,43.011,55.0,1,0,1
478.758,43.71,52.275,43.011,55.0,1,0,1
479.158,43.71,52.295,43.011,55.0,1,0,1
479.558,43.68,52.299,43.011,55.0,1,0,1
479.958,43.66,52.308,43.011,55.0,1,0,1
480.358,43.59,52.328,43.011,55.0,1,0,1
480.758,43.63,52.335,43.500,55.0,1,0,1
481.158,43.59,52.331,43.500,55.0,1,0,1
481.558,43.58,52.339,43.011,55.0,1,0,1
481.958,43.53,52.357,43.011,55.0,1,0,1
482.358,43.55,52.354,43.011,55.0,1,0,1
482.758,43.49,52.361,43.011,55.0,1,0,1
483.158,43.45,52.384,43.500,55.0,1,0,1
483.558,43.42,52.399,43.011,55.0,1,0,1
483.958,43.40,52.402,43.011,55.0,1,0,1
484.358,43.36,52.411,43.011,55.0,1,0,1
484.758,43.33,52.430,43.500,55.0,1,0,1
485.158,43.29,52.429,43.011,55.0,1,0,1
485.558,43.27,52.447,43.011,55.0,1,0,1
485.958,43.21,52.457,43.500,55.0,1,0,1
486.358,43.21,52.451,43.011,55.0,1,0,1
486.758,43.13,52.464,43.011,55.0,1,0,1
487.158,43.14,52.483,43.500,55.0,1,0,1
487.558,43.10,52.492,43.500,55.0,1,0,1
487.958,43.05,52.492,43.011,55.0,1,0,1
488.358,43.00,52.502,43.500,55.0,1,0,1
488.758,43.00,52.511,43.011,55.0,1,0,1
489.158,42.98,52.526,43.011,55.0,1,0,1
489.558,42.96,52.540,43.011,55.0,1,0,1
489.958,42.92,52.544,43.011,55.0,1,0,1
490.358,42.88,52.555,43.500,55.0,1,0,1
490.758,42.88,52.562,43.011,55.0,1,0,1
491.158,42.83,52.563,43.500,55.0,1,0,1
491.558,42.88,52.580,43.500,55.0,1,0,1
491.958,42.81,52.592,43.011,55.0,1,0,1
492.358,42.79,52.600,43.011,55.0,1,0,1
492.758,42.76,52.602,43.500,55.0,1,0,1
493.158,42.72,52.615,43.011,55.0,1,0,1
493.558,42.72,52.626,43.500,55.0,1,0,1
493.958,42.65,52.641,43.500,55.0,1,0,1
494.358,42.68,52.651,43.500,55.0,1,0,1
494.758,42.64,52.651,43.011,55.0,1,0,1
495.158,42.65,52.667,43.011,55.0,1,0,1
495.558,42.62,52.675,43.011,55.0,1,0,1
495.958,42.60,52.675,43.500,55.0,1,0,1
496.358,42.61,52.684,43.500,55.0,1,0,1
496.758,42.59,52.708,43.500,55.0,1,0,1
497.158,42.60,52.723,43.500,55.0,1,0,1
497.558,42.59,52.716,43.500,55.0,1,0,1
497.958,42.55,52.735,43.500,55.0,1,0,1
498.358,42.55,52.746,43.011,55.0,1,0,1
498.758,42.54,52.738,43.500,55.0,1,0,1
499.158,42.51,52.762,43.011,55.0,1,0,1
499.558,42.49,52.773,43.500,55.0,1,0,1
499.958,42.49,52.776,43.500,55.0,1,0,1
500.358,42.45,52.775,43.500,55.0,1,0,1
500.758,42.44,52.783,43.500,55.0,1,0,1
501.158,42.43,52.799,43.500,55.0,1,0,1
501.558,42.39,52.794,43.500,55.0,1,0,1
501.958,42.42,52.806,43.500,55.0,1,0,1
502.358,42.40,52.819,43.500,55.0,1,0,1
502.758,42.37,52.818,43.011,55.0,1,0,1
503.158,42.35,52.833,43.500,55.0,1,0,1
503.558,42.35,52.851,43.500,55.0,1,0,1
503.958,42.33,52.863,43.500,55.0,1,0,1
504.358,42.35,52.877,43.500,55.0,1,0,1
504.758,42.33,52.874,43.500,55.0,1,0,1
505.158,42.29,52.883,43.500,55.0,1,0,1
505.558,42.29,52.888,43.500,55.0,1,0,1
505.958,42.27,52.896,43.500,55.0,1,0,1
506.358,42.24,52.904,43.500,55.0,1,0,1
506.758,42.21,52.918,43.500,55.0,1,0,1
507.158,42.22,52.912,43.500,55.0,1,0,1
507.558,42.19,52.929,43.500,55.0,1,0,1
507.958,42.16,52.933,43.500,55.0,1,0,1
508.358,42.15,52.955,43.500,55.0,1,0,1
508.758,42.11,52.955,43.500,55.0,1,0,1
509.158,42.11,52.960,43.500,55.0,1,0,1
509.558,42.11,52.981,43.500,55.0,1,0,1
509.958,42.09,52.983,43.988,55.0,1,0,1
510.358,42.03,53.003,43.500,55.0,1,0,1
510.758,42.07,53.001,43.500,55.0,1,0,1
511.158,42.01,53.018,43.500,55.0,1,0,1
511.558,41.98,53.011,43.500,55.0,1,0,1
511.958,41.99,53.024,43.500,55.0,1,0,1
512.358,41.96,53.032,43.500,55.0,1,0,1
512.758,41.97,53.036,43.500,55.0,1,0,1
513.158,41.95,53.047,43.988,55.0,1,0,1
513.558,41.92,53.054,43.500,55.0,1,0,1
513.958,41.90,53.061,43.500,55.0,1,0,1
514.358,41.91,53.066,43.500,55.0,1,0,1
514.758,41.90,53.075,43.500,55.0,1,0,1
515.158,41.86,53.072,43.500,55.0,1,0,1
515.558,41.85,53.087,43.500,55.0,1,0,1
515.958,41.82,53.086,43.500,55.0,1,0,1
516.358,41.83,53.114,43.500,55.0,1,0,1
516.758,41.80,53.111,43.500,55.0,1,0,1
517.158,41.77,53.116,43.500,55.0,1,0,1
517.558,41.74,53.118,43.988,55.0,1,0,1
517.958,41.71,53.141,43.988,55.0,1,0,1
518.358,41.71,53.143,43.988,55.0,1,0,1
518.758,41.68,53.142,43.500,55.0,1,0,1
519.158,41.63,53.167,43.500,55.0,1,0,1
519.558,41.59,53.167,43.988,55.0,1,0,1
519.958,41.58,53.183,43.500,55.0,1,0,1
520.358,41.53,53.184,43.500,55.0,1,0,1
520.758,41.56,53.192,43.500,55.0,1,0,1
521.158,41.49,53.200,43.500,55.0,1,0,1
521.558,41.50,53.193,43.500,55.0,1,0,1
521.958,41.48,53.204,43.500,55.0,1,0,1
522.358,41.47,53.228,43.500,55.0,1,0,1
522.758,41.40,53.232,43.988,55.0,1,0,1
523.158,41.44,53.238,43.988,55.0,1,0,1
523.558,41.44,53.240,44.477,55.0,1,0,1
523.958,41.43,53.250,43.988,55.0,1,0,1
524.358,41.43,53.264,43.988,55.0,1,0,1
524.758,41.39,53.270,43.988,55.0,1,0,1
525.158,41.40,53.273,43.500,55.0,1,0,1
525.558,41.39,53.290,43.500,55.0,1,0,1
525.958,41.37,53.292,43.988,55.0,1,0,1
526.358,41.39,53.313,43.500,55.0,1,0,1
526.758,41.36,53.311,43.988,55.0,1,0,1
527.158,41.37,53.333,43.988,55.0,1,0,1
527.558,41.34,53.326,43.988,55.0,1,0,1
527.958,41.33,53.345,43.988,55.0,1,0,1
528.358,41.30,53.324,43.988,55.0,1,0,1
528.758,41.31,53.354,43.500,55.0,1,0,1
529.158,41.32,53.349,43.988,55.0,1,0,1
529.558,41.25,53.368,43.988,55.0,1,0,1
529.958,41.25,53.369,43.988,55.0,1,0,1
530.358,41.23,53.370,43.988,55.0,1,0,1
530.758,41.20,53.381,43.988,55.0,1,0,1
531.158,41.19,53.391,43.988,55.0,1,0,1
531.558,41.16,53.405,43.500,55.0,1,0,1
531.958,41.12,53.427,43.988,55.0,1,0,1
532.358,41.11,53.418,43.988,55.0,1,0,1
532.758,41.06,53.429,43.988,55.0,1,0,1
533.158,41.07,53.434,43.988,55.0,1,0,1
533.558,41.03,53.448,43.988,55.0,1,0,1
533.958,40.98,53.438,43.988,55.0,1,0,1
534.358,40.93,53.459,43.500,55.0,1,0,1
534.758,40.93,53.462,43.988,55.0,1,0,1
535.158,40.92,53.478,44.477,55.0,1,0,1
535.558,40.90,53.476,43.988,55.0,1,0,1
535.958,40.86,53.497,43.988,55.0,1,0,1
536.358,40.86,53.498,43.988,55.0,1,0,1
536.758,40.82,53.505,43.988,55.0,1,0,1
537.158,40.81,53.513,43.988,55.0,1,0,1
537.558,40.79,53.519,43.988,55.0,1,0,1
537.958,40.79,53.524,43.988,55.0,1,0,1
538.358,40.79,53.542,43.988,55.0,1,0,1
538.758,40.76,53.539,43.988,55.0,1,0,1
539.158,40.79,53.550,43.988,55.0,1,0,1
539.558,40.74,53.564,43.988,55.0,1,0,1
539.958,40.70,53.571,43.988,55.0,1,0,1
540.358,40.65,53.569,43.988,55.0,1,0,1
540.758,40.65,53.583,43.988,55.0,1,0,1
541.158,40.64,53.575,43.988,55.0,1,0,1
541.558,40.62,53.590,43.988,55.0,1,0,1
541.958,40.61,53.601,43.988,55.0,1,0,1
542.358,40.57,53.619,43.988,55.0,1,0,1
542.758,40.57,53.627,43.988,55.0,1,0,1
543.158,40.52,53.620,43.988,55.0,1,0,1
543.558,40.53,53.638,44.477,55.0,1,0,1
543.958,40.51,53.640,44.477,55.0,1,0,1
544.358,40.51,53.642,43.988,55.0,1,0,1
544.758,40.49,53.660,43.988,55.0,1,0,1
545.158,40.49,53.668,43.988,55.0,1,0,1
545.558,40.48,53.670,43.988,55.0,1,0,1
545.958,40.44,53.692,43.988,55.0,1,0,1
546.358,40.46,53.691,44.477,55.0,1,0,1
546.758,40.42,53.682,44.477,55.0,1,0,1
547.158,40.45,53.698,43.988,55.0,1,0,1
547.558,40.44,53.712,43.988,55.0,1,0,1
547.958,40.38,53.722,43.988,55.0,1,0,1
548.358,40.35,53.724,43.988,55.0,1,0,1
548.758,40.32,53.730,43.988,55.0,1,0,1
549.158,40.31,53.732,43.988,55.0,1,0,1
549.558,40.30,53.751,43.988,55.0,1,0,1
549.958,40.28,53.753,43.988,55.0,1,0,1
550.358,40.23,53.768,43.988,55.0,1,0,1
550.758,40.26,53.772,44.477,55.0,1,0,1
551.158,40.24,53.772,43.988,55.0,1,0,1
551.558,40.20,53.784,43.988,55.0,1,0,1
551.958,40.20,53.782,43.988,55.0,1,0,1
552.358,40.19,53.801,43.988,55.0,1,0,1
552.758,40.16,53.794,43.988,55.0,1,0,1
553.158,40.09,53.806,43.500,55.0,1,0,1
553.558,40.14,53.821,43.988,55.0,1,0,1
553.958,40.11,53.835,43.500,55.0,1,0,1
554.358,40.05,53.844,43.988,55.0,1,0,1
554.758,40.06,53.840,43.988,55.0,1,0,1
555.158,40.05,53.848,43.988,55.0,1,0,1
555.558,40.03,53.860,43.988,55.0,1,0,1
555.958,40.00,53.870,43.988,55.0,1,0,1
556.358,40.02,53.878,43.988,55.0,1,0,1
556.758,39.99,53.869,43.988,55.0,1,0,1
557.158,39.97,53.891,43.988,55.0,1,0,1
557.558,39.96,53.899,43.988,55.0,1,0,1
557.958,39.92,53.914,43.988,55.0,1,0,1
558.358,39.92,53.916,43.988,55.0,1,0,1
558.758,39.91,53.921,43.988,55.0,1,0,1
559.158,39.88,53.924,43.988,55.0,1,0,1
559.558,39.88,53.937,43.988,55.0,1,0,1
559.958,39.87,53.939,43.988,55.0,1,0,1
560.358,39.82,53.945,43.988,55.0,1,0,1
560.758,39.81,53.951,44.477,55.0,1,0,1
561.158,39.81,53.969,43.988,55.0,1,0,1
561.558,39.80,53.965,43.988,55.0,1,0,1
561.958,39.78,53.967,43.988,55.0,1,0,1
562.358,39.76,53.989,43.988,55.0,1,0,1
562.758,39.68,53.990,43.988,55.0,1,0,1
563.158,39.68,53.995,43.988,55.0,1,0,1
563.558,39.67,53.990,43.988,55.0,1,0,1
563.958,39.63,54.015,43.988,55.0,1,0,1
564.358,39.61,54.014,43.988,55.0,1,0,1
564.758,39.60,54.028,43.988,55.0,1,0,1
565.158,39.55,54.025,43.988,55.0,1,0,1
565.558,39.55,54.026,43.988,55.0,1,0,1
565.958,39.54,54.041,43.988,55.0,1,0,1
566.358,39.49,54.051,43.988,55.0,1,0,1
566.758,39.46,54.045,43.500,55.0,1,0,1
567.158,39.49,54.059,44.477,55.0,1,0,1
567.558,39.44,54.065,43.988,55.0,1,0,1
567.958,39.43,54.057,43.988,55.0,1,0,1
568.358,39.38,54.069,43.988,55.0,1,0,1
568.758,39.36,54.086,43.988,55.0,1,0,1
569.158,39.35,54.107,43.988,55.0,1,0,1
569.558,39.31,54.093,43.988,55.0,1,0,1
569.958,39.30,54.103,43.988,55.0,1,0,1
570.358,39.32,54.107,44.477,55.0,1,0,1
570.758,39.28,54.110,43.988,55.0,1,0,1
571.158,39.28,54.123,43.988,55.0,1,0,1
571.558,39.26,54.132,43.988,55.0,1,0,1
571.958,39.24,54.144,43.988,55.0,1,0,1
572.358,39.25,54.158,43.988,55.0,1,0,1
572.758,39.23,54.150,43.988,55.0,1,0,1
573.158,39.22,54.162,43.500,55.0,1,0,1
573.558,39.20,54.177,43.988,55.0,1,0,1
573.958,39.17,54.181,43.988,55.0,1,0,1
574.358,39.16,54.192,43.988,55.0,1,0,1
574.758,39.11,54.187,43.988,55.0,1,0,1
575.158,39.10,54.206,43.988,55.0,1,0,1
575.558,39.09,54.204,43.988,55.0,1,0,1
575.958,39.05,54.229,44.477,55.0,1,0,1
576.358,39.05,54.221,43.988,55.0,1,0,1
576.758,39.05,54.224,44.477,55.0,1,0,1
577.158,39.03,54.233,43.988,55.0,1,0,1
577.558,39.03,54.233,44.477,55.0,1,0,1
577.958,39.01,54.257,43.988,55.0,1,0,1
578.358,39.00,54.250,43.988,55.0,1,0,1
578.758,39.00,54.247,43.988,55.0,1,0,1
579.158,38.97,54.261,43.988,55.0,1,0,1
579.558,38.96,54.273,43.988,55.0,1,0,1
579.958,38.94,54.268,43.988,55.0,1,0,1
580.358,38.93,54.259,43.988,55.0,1,0,1
580.758,38.94,54.295,43.988,55.0,1,0,1
581.158,38.92,54.295,43.988,55.0,1,0,1
581.558,38.93,54.307,43.988,55.0,1,0,1
581.958,38.91,54.311,44.477,55.0,1,0,1
582.358,38.90,54.315,44.477,55.0,1,0,1
582.758,38.89,54.332,44.477,55.0,1,0,1
583.158,38.92,54.326,44.477,55.0,1,0,1
583.558,38.88,54.339,44.477,55.0,1,0,1
583.958,38.88,54.339,44.477,55.0,1,0,1
584.358,38.88,54.347,44.477,55.0,1,0,1
584.758,38.84,54.353,43.988,55.0,1,0,1
585.158,38.87,54.354,44.477,55.0,1,0,1
585.558,38.84,54.378,43.988,55.0,1,0,1
585.958,38.81,54.375,43.988,55.0,1,0,1
586.358,38.83,54.376,44.477,55.0,1,0,1
586.758,38.83,54.388,43.988,55.0,1,0,1
587.158,38.78,54.397,45.455,55.0,1,0,1
587.558,38.78,54.403,44.477,55.0,1,0,1
587.958,38.76,54.416,43.988,55.0,1,0,1
588.358,38.78,54.422,44.477,55.0,1,0,1
588.758,38.75,54.423,44.477,55.0,1,0,1
589.158,38.73,54.421,44.477,55.0,1,0,1
589.558,38.72,54.431,43.988,55.0,1,0,1
589.958,38.70,54.436,44.477,55.0,1,0,1
590.358,38.71,54.442,44.477,55.0,1,0,1
590.758,38.68,54.456,44.477,55.0,1,0,1
591.158,38.66,54.468,44.477,55.0,1,0,1
591.558,38.66,54.469,43.988,55.0,1,0,1
591.958,38.65,54.478,44.477,55.0,1,0,1
592.358,38.64,54.466,44.477,55.0,1,0,1
592.758,38.61,54.494,44.477,55.0,1,0,1
593.158,38.64,54.497,44.477,55.0,1,0,1
593.558,38.61,54.499,43.988,55.0,1,0,1
593.958,38.59,54.502,44.477,55.0,1,0,1
594.358,38.61,54.525,43.988,55.0,1,0,1
594.758,38.58,54.517,44.477,55.0,1,0,1
595.158,38.54,54.523,44.477,55.0,1,0,1
595.558,38.57,54.521,44.477,55.0,1,0,1
595.958,38.55,54.531,44.477,55.0,1,0,1
596.358,38.55,54.544,44.477,55.0,1,0,1
596.758,38.50,54.556,44.477,55.0,1,0,1
597.158,38.52,54.555,44.477,55.0,1,0,1
597.558,38.51,54.563,44.477,55.0,1,0,1
597.958,38.44,54.566,43.988,55.0,1,0,1
598.358,38.43,54.577,43.988,55.0,1,0,1
598.758,38.45,54.585,44.477,55.0,1,0,1
599.158,38.44,54.580,44.477,55.0,1,0,1
599.558,38.43,54.592,44.477,55.0,1,0,1
599.958,38.40,54.603,44.477,55.0,1,0,1
600.358,38.39,54.599,44.477,55.0,1,0,1
600.758,38.34,54.612,44.966,55.0,1,0,1
601.158,38.32,54.617,44.477,55.0,1,0,1
601.558,38.32,54.626,43.988,55.0,1,0,1
601.958,38.27,54.648,43.988,55.0,1,0,1
602.358,38.27,54.642,44.477,55.0,1,0,1
602.758,38.23,54.653,44.477,55.0,1,0,1
603.158,38.25,54.646,44.477,55.0,1,0,1
603.558,38.19,54.661,44.477,55.0,1,0,1
603.958,38.15,54.667,44.477,55.0,1,0,1
604.358,38.12,54.671,43.988,55.0,1,0,1
604.758,38.08,54.667,44.477,55.0,1,0,1
605.158,38.04,54.682,43.988,55.0,1,0,1
605.558,38.02,54.688,44.477,55.0,1,0,1
605.958,38.00,54.671,44.477,55.0,1,0,1
606.358,37.99,54.701,44.477,55.0,1,0,1
606.758,37.94,54.708,44.966,55.0,1,0,1
607.158,37.95,54.709,44.477,55.0,1,0,1
607.558,37.97,54.714,44.477,55.0,1,0,1
607.958,37.93,54.706,44.477,55.0,1,0,1
608.358,37.91,54.713,44.477,55.0,1,0,1
608.758,37.91,54.730,44.477,55.0,1,0,1
609.158,37.86,54.739,44.477,55.0,1,0,1
609.558,37.86,54.747,44.477,55.0,1,0,1
609.958,37.87,54.754,44.477,55.0,1,0,1
610.358,37.83,54.749,44.477,55.0,1,0,1
610.758,37.82,54.770,44.477,55.0,1,0,1
611.158,37.83,54.767,43.988,55.0,1,0,1
611.558,37.84,54.776,43.988,55.0,1,0,1
611.958,37.85,54.771,44.477,55.0,1,0,1
612.358,37.79,54.775,44.477,55.0,1,0,1
612.758,37.81,54.773,44.477,55.0,1,0,1
613.158,37.78,54.787,43.988,55.0,1,0,1
613.558,37.76,54.805,44.477,55.0,1,0,1
613.958,37.75,54.795,44.477,55.0,1,0,1
614.358,37.75,54.807,43.988,55.0,1,0,1
614.758,37.71,54.820,43.988,55.0,1,0,1
615.158,37.72,54.814,44.477,55.0,1,0,1
615.558,37.70,54.826,44.966,55.0,1,0,1
615.958,37.69,54.826,44.477,55.0,1,0,1
616.358,37.68,54.843,44.477,55.0,1,0,1
616.758,37.64,54.855,44.966,55.0,1,0,1
617.158,37.65,54.849,44.477,55.0,1,0,1
617.558,37.64,54.858,44.477,55.0,1,0,1
617.958,37.65,54.861,44.477,55.0,1,0,1
618.358,37.62,54.866,44.477,55.0,1,0,1
618.758,37.64,54.877,44.477,55.0,1,0,1
619.158,37.59,54.888,44.477,55.0,1,0,1
619.558,37.60,54.893,44.477,55.0,1,0,1
619.958,37.60,54.892,44.477,55.0,1,0,1
620.358,37.59,54.904,44.477,55.0,1,0,1
620.758,37.61,54.909,44.477,55.0,1,0,1
621.158,37.55,54.917,44.477,55.0,1,0,1
621.558,37.59,54.928,44.477,55.0,1,0,1
621.958,37.57,54.922,44.966,55.0,1,0,1
622.358,37.58,54.933,44.477,55.0,1,0,1
622.758,37.56,54.927,44.477,55.0,1,0,1
623.158,37.54,54.938,44.477,55.0,1,0,1
623.558,37.55,54.943,44.966,55.0,1,0,1
623.958,37.55,54.951,44.477,55.0,1,0,1
624.358,37.52,54.954,44.477,55.0,1,0,1
624.758,37.50,54.953,44.966,55.0,1,0,1
625.158,37.52,54.964,44.477,55.0,1,0,1
625.558,37.49,54.963,44.966,55.0,1,0,1
625.958,37.50,54.972,44.477,55.0,1,0,1
626.358,37.44,54.989,44.477,55.0,1,0,1
626.758,37.42,55.000,44.477,55.0,1,0,1
627.158,37.42,54.999,44.477,55.0,1,0,1
627.558,37.40,55.008,44.477,55.0,1,0,1
627.958,37.37,55.017,44.477,55.0,1,0,1
628.358,37.41,55.010,44.477,55.0,1,0,1
628.758,37.37,55.004,44.477,55.0,1,0,1
629.158,37.33,55.023,44.477,55.0,1,0,1
629.558,37.34,55.035,44.966,55.0,1,0,1
629.958,37.31,55.025,44.477,55.0,1,0,1
630.358,37.29,55.031,44.477,55.0,1,0,1
630.758,37.26,55.052,44.966,55.0,1,0,1
631.158,37.26,55.045,44.477,55.0,1,0,1
631.558,37.25,55.054,44.966,55.0,1,0,1
631.958,37.26,55.055,44.477,55.0,1,0,1
632.358,37.25,55.080,44.477,55.0,1,0,1
632.758,37.27,55.083,44.966,55.0,1,0,1
633.158,37.25,55.071,44.477,55.0,1,0,1
633.558,37.21,55.084,44.477,55.0,1,0,1
633.958,37.22,55.090,44.477,55.0,1,0,1
634.358,37.26,55.102,44.477,55.0,1,0,1
634.758,37.24,55.116,44.477,55.0,1,0,1
635.158,37.27,55.107,44.477,55.0,1,0,1
635.558,37.22,55.108,44.477,55.0,1,0,1
635.958,37.22,55.114,44.477,55.0,1,0,1
636.358,37.24,55.121,44.477,55.0,1,0,1
636.758,37.25,55.113,44.477,55.0,1,0,1
637.158,37.23,55.130,44.966,55.0,1,0,1
637.558,37.27,55.149,44.477,55.0,1,0,1
637.958,37.22,55.140,44.477,55.0,1,0,1
638.358,37.26,55.149,44.477,55.0,1,0,1
638.758,37.25,55.153,44.477,55.0,1,0,1
639.158,37.21,55.161,44.477,55.0,1,0,1
639.558,37.23,55.161,44.966,55.0,1,0,1
639.958,37.23,55.160,44.477,55.0,1,0,1
640.358,37.27,55.172,44.966,55.0,1,0,1
640.758,37.27,55.181,44.966,55.0,1,0,1
641.158,37.29,55.172,44.477,55.0,1,0,1
641.558,37.31,55.188,44.966,55.0,1,0,1
641.958,37.28,55.185,44.966,55.0,1,0,1
642.358,37.30,55.199,44.477,55.0,1,0,1
642.758,37.28,55.201,44.477,55.0,1,0,1
643.158,37.32,55.205,44.966,55.0,1,0,1
643.558,37.27,55.214,44.477,55.0,1,0,1
643.958,37.31,55.213,44.966,55.0,1,0,1
644.358,37.32,55.224,44.477,55.0,1,0,1
644.758,37.31,55.226,44.477,55.0,1,0,1
645.158,37.34,55.232,44.477,55.0,1,0,1
645.558,37.31,55.245,44.966,55.0,1,0,1
645.958,37.33,55.232,44.477,55.0,1,0,1
646.358,37.31,55.244,44.966,55.0,1,0,1
646.758,37.30,55.247,44.966,55.0,1,0,1
647.158,37.31,55.253,44.966,55.0,1,0,1
647.558,37.31,55.261,44.966,55.0,1,0,1
647.958,37.32,55.271,44.477,55.0,1,0,1
648.358,37.32,55.275,44.966,55.0,1,0,1
648.758,37.29,55.267,44.966,55.0,1,0,1
649.158,37.31,55.279,44.966,55.0,1,0,1
649.558,37.24,55.290,44.966,55.0,1,0,1
649.958,37.31,55.299,44.477,55.0,1,0,1
650.358,37.29,55.284,44.966,55.0,1,0,1
650.758,37.30,55.294,44.966,55.0,1,0,1
651.158,37.29,55.306,44.966,55.0,1,0,1
651.558,37.29,55.306,44.966,55.0,1,0,1
651.958,37.28,55.322,44.477,55.0,1,0,1
652.358,37.28,55.316,44.966,55.0,1,0,1
652.758,37.29,55.327,44.966,55.0,1,0,1
653.158,37.28,55.332,44.966,55.0,1,0,1
653.558,37.30,55.324,44.966,55.0,1,0,1
653.958,37.28,55.336,44.966,55.0,1,0,1
654.358,37.30,55.335,45.455,55.0,1,0,1
654.758,37.25,55.346,44.966,55.0,1,0,1
655.158,37.26,55.336,45.455,55.0,1,0,1
655.558,37.26,55.354,45.455,55.0,1,0,1
655.958,37.27,55.369,45.455,55.0,1,0,1
656.358,37.33,55.362,45.455,55.0,1,0,1
656.758,37.30,55.371,45.455,55.0,1,0,1
657.158,37.34,55.380,45.943,55.0,1,0,1
657.558,37.31,55.363,45.455,55.0,1,0,1
657.958,37.31,55.388,45.943,55.0,1,0,1
658.358,37.32,55.397,45.455,55.0,1,0,1
658.758,37.36,55.386,45.455,55.0,1,0,1
659.158,37.33,55.400,45.455,55.0,1,0,1
659.558,37.35,55.399,45.455,55.0,1,0,1
659.958,37.34,55.395,45.455,55.0,1,0,1
660.358,37.39,55.392,45.455,55.0,1,0,1
660.758,37.38,55.410,45.455,55.0,1,0,1
661.158,37.37,55.423,45.455,55.0,1,0,1
661.558,37.39,55.430,45.455,55.0,1,0,1
661.958,37.41,55.424,45.455,55.0,1,0,1
662.358,37.38,55.417,44.966,55.0,1,0,1
662.758,37.40,55.425,45.455,55.0,1,0,1
663.158,37.40,55.436,44.966,55.0,1,0,1
663.558,37.42,55.436,44.966,55.0,1,0,1
663.958,37.43,55.445,45.455,55.0,1,0,1
664.358,37.44,55.461,44.966,55.0,1,0,1
664.758,37.45,55.452,44.966,55.0,1,0,1
665.158,37.45,55.464,44.966,55.0,1,0,1
665.558,37.48,55.457,44.966,55.0,1,0,1
665.958,37.48,55.465,45.455,55.0,1,0,1
666.358,37.50,55.461,45.455,55.0,1,0,1
666.758,37.46,55.468,45.455,55.0,1,0,1
667.158,37.49,55.474,45.943,55.0,1,0,1
667.558,37.50,55.484,45.455,55.0,1,0,1
667.958,37.51,55.480,45.455,55.0,1,0,1
668.358,37.53,55.488,44.966,55.0,1,0,1
668.758,37.50,55.493,45.455,55.0,1,0,1
669.158,37.52,55.494,44.966,55.0,1,0,1
669.558,37.53,55.497,44.966,55.0,1,0,1
669.958,37.53,55.501,44.966,55.0,0,1,1
670.358,37.64,55.475,45.455,55.0,0,0,1
670.758,37.68,55.428,43.988,55.0,0,0,1
671.158,37.75,55.372,43.988,55.0,0,0,1
671.558,37.81,55.309,43.988,55.0,0,0,1
671.958,37.91,55.264,43.988,55.0,0,0,1
672.358,38.00,55.227,43.988,55.0,0,0,1
672.758,38.05,55.168,43.988,55.0,0,0,1
673.158,38.11,55.128,43.988,55.0,0,0,1
673.558,38.17,55.093,43.988,55.0,0,0,1
673.958,38.25,55.054,43.988,55.0,0,0,1
674.358,38.27,55.021,43.988,55.0,0,0,1
674.758,38.35,54.977,43.500,55.0,0,0,1
675.158,38.36,54.932,43.500,55.0,0,0,1
675.558,38.43,54.894,43.500,55.0,0,0,1
675.958,38.51,54.880,43.988,55.0,0,0,1
676.358,38.51,54.825,43.500,55.0,0,0,1
676.758,38.56,54.779,43.500,55.0,0,0,1
677.158,38.58,54.755,43.500,55.0,0,0,1
677.558,38.64,54.719,43.500,55.0,0,0,1
677.958,38.64,54.684,43.500,55.0,0,0,1
678.358,38.70,54.642,43.500,55.0,0,0,1
678.758,38.69,54.618,43.500,55.0,0,0,1
679.158,38.72,54.567,43.500,55.0,0,0,1
679.558,38.70,54.544,43.500,55.0,0,0,1
679.958,38.67,54.494,43.500,55.0,1,0,1
680.358,38.53,54.493,43.988,55.0,1,0,1
680.758,38.48,54.511,44.477,55.0,1,0,1
681.158,38.37,54.535,44.477,55.0,1,0,1
681.558,38.28,54.565,44.477,55.0,1,0,1
681.958,38.16,54.575,44.477,55.0,1,0,1
682.358,38.11,54.590,44.477,55.0,1,0,1
682.758,37.98,54.619,43.988,55.0,1,0,1
683.158,37.93,54.640,44.477,55.0,1,0,1
683.558,37.84,54.635,44.477,55.0,1,0,1
683.958,37.80,54.649,44.477,55.0,1,0,1
684.358,37.75,54.653,44.477,55.0,1,0,1
684.758,37.69,54.653,44.477,55.0,1,0,1
685.158,37.66,54.664,44.477,55.0,1,0,1
685.558,37.63,54.678,44.477,55.0,1,0,1
685.958,37.57,54.687,43.988,55.0,1,0,1
686.358,37.54,54.696,44.477,55.0,1,0,1
686.758,37.54,54.701,44.477,55.0,1,0,1
687.158,37.51,54.700,44.477,55.0,1,0,1
687.558,37.52,54.711,44.477,55.0,1,0,1
687.958,37.50,54.718,44.477,55.0,1,0,1
688.358,37.48,54.738,44.477,55.0,1,0,1
688.758,37.49,54.729,44.477,55.0,1,0,1
689.158,37.49,54.736,44.477,55.0,1,0,1
689.558,37.51,54.735,44.477,55.0,1,0,1
689.958,37.52,54.735,44.477,55.0,1,0,1
690.358,37.52,54.761,44.477,55.0,1,0,1
690.758,37.56,54.752,44.477,55.0,1,0,1
691.158,37.56,54.754,44.966,55.0,1,0,1
691.558,37.63,54.763,44.477,55.0,1,0,1
691.958,37.64,54.774,44.477,55.0,1,0,1
692.358,37.66,54.782,44.477,55.0,1,0,1
692.758,37.68,54.778,44.477,55.0,1,0,1
693.158,37.73,54.781,44.477,55.0,1,0,1
693.558,37.75,54.790,44.477,55.0,1,0,1
693.958,37.77,54.795,44.477,55.0,1,0,1
694.358,37.80,54.807,44.477,55.0,1,0,1
694.758,37.80,54.809,43.988,55.0,1,0,1
695.158,37.83,54.806,44.477,55.0,1,0,1
695.558,37.87,54.796,44.477,55.0,1,0,1
695.958,37.91,54.826,44.477,55.0,1,0,1
696.358,37.90,54.834,44.966,55.0,1,0,1
696.758,37.91,54.825,44.477,55.0,1,0,1
697.158,37.94,54.820,44.477,55.0,1,0,1
697.558,37.97,54.836,44.477,55.0,1,0,1
697.958,37.94,54.835,44.477,55.0,1,0,1
698.358,38.00,54.848,44.966,55.0,1,0,1
698.758,37.98,54.853,44.477,55.0,1,0,1
699.158,37.98,54.850,44.966,55.0,1,0,1
699.558,37.96,54.855,44.966,55.0,1,0,1
699.958,37.98,54.847,44.477,55.0,1,0,1
700.358,37.97,54.854,44.966,55.0,1,0,1
700.758,37.97,54.864,44.966,55.0,1,0,1
701.158,37.94,54.870,44.966,55.0,1,0,1
701.558,37.92,54.877,44.966,55.0,1,0,1
701.958,37.91,54.889,44.966,55.0,1,0,1
702.358,37.91,54.892,44.966,55.0,1,0,1
702.758,37.90,54.894,44.966,55.0,1,0,1
703.158,37.87,54.887,44.966,55.0,1,0,1
703.558,37.84,54.905,45.455,55.0,1,0,1
703.958,37.80,54.892,44.966,55.0,1,0,1
704.358,37.72,54.909,44.966,55.0,1,0,1
704.758,37.74,54.900,44.966,55.0,1,0,1
705.158,37.67,54.898,44.477,55.0,1,0,1
705.558,37.68,54.911,44.966,55.0,1,0,1
705.958,37.59,54.900,44.966,55.0,1,0,1
706.358,37.57,54.900,44.477,55.0,1,0,1
706.758,37.59,54.925,44.966,55.0,1,0,1
707.158,37.52,54.936,44.966,55.0,1,0,1
707.558,37.51,54.919,44.477,55.0,1,0,1
707.958,37.48,54.942,44.477,55.0,1,0,1
708.358,37.43,54.937,44.966,55.0,1,0,1
708.758,37.38,54.940,44.966,55.0,1,0,1
709.158,37.31,54.943,44.966,55.0,1,0,1
709.558,37.29,54.946,44.477,55.0,1,0,1
709.958,37.27,54.955,44.477,55.0,1,0,1
710.358,37.21,54.953,44.966,55.0,1,0,1
710.758,37.16,54.954,44.966,55.0,1,0,1
711.158,37.12,54.960,44.966,55.0,1,0,1
711.558,37.12,54.953,44.966,55.0,1,0,1
711.958,37.08,54.964,44.477,55.0,1,0,1
712.358,37.04,54.972,44.477,55.0,1,0,1
712.758,36.99,54.981,44.477,55.0,1,0,1
713.158,36.98,54.986,44.966,55.0,1,0,1
713.558,36.96,54.980,44.966,55.0,1,0,1
713.958,36.90,54.996,45.455,55.0,1,0,1
714.358,36.89,55.001,45.455,55.0,1,0,1
714.758,36.89,54.993,45.455,55.0,1,0,1
715.158,36.84,55.000,45.455,55.0,1,0,1
715.558,36.83,55.013,45.455,55.0,1,0,1
715.958,36.79,55.003,44.966,55.0,1,0,1
716.358,36.77,55.021,44.966,55.0,1,0,1
716.758,36.76,55.018,44.966,55.0,1,0,1
717.158,36.71,55.024,44.966,55.0,1,0,1
717.558,36.70,55.019,44.966,55.0,1,0,1
717.958,36.70,55.038,44.966,55.0,1,0,1
718.358,36.72,55.027,44.966,55.0,1,0,1
718.758,36.68,55.033,44.966,55.0,1,0,1
719.158,36.65,55.039,45.455,55.0,1,0,1
719.558,36.67,55.046,44.966,55.0,1,0,1
719.958,36.68,55.045,45.455,55.0,1,0,1
720.358,36.65,55.066,45.455,55.0,1,0,1
720.758,36.65,55.062,44.966,55.0,1,0,1
721.158,36.67,55.071,44.966,55.0,1,0,1
721.558,36.66,55.063,44.966,55.0,1,0,1
721.958,36.68,55.070,44.477,55.0,1,0,1
722.358,36.68,55.074,44.966,55.0,1,0,1
722.758,36.63,55.074,44.966,55.0,1,0,1
723.158,36.60,55.073,44.966,55.0,1,0,1
723.558,36.59,55.077,44.966,55.0,1,0,1
723.958,36.54,55.076,44.966,55.0,1,0,1
724.358,36.53,55.083,44.966,55.0,1,0,1
724.758,36.52,55.088,44.966,55.0,1,0,1
725.158,36.51,55.088,44.477,55.0,1,0,1
725.558,36.47,55.105,44.477,55.0,1,0,1
725.958,36.47,55.104,44.966,55.0,1,0,1
726.358,36.41,55.105,44.966,55.0,1,0,1
726.758,36.40,55.103,44.966,55.0,1,0,1
727.158,36.41,55.107,44.966,55.0,1,0,1
727.558,36.37,55.124,44.966,55.0,1,0,1
727.958,36.36,55.128,44.477,55.0,1,0,1
728.358,36.37,55.134,44.966,55.0,1,0,1
728.758,36.28,55.138,44.966,55.0,1,0,1
729.158,36.19,55.137,44.966,55.0,1,0,1
729.558,36.13,55.149,44.966,55.0,1,0,1
729.958,36.04,55.143,44.966,55.0,1,0,1
730.358,35.98,55.164,45.455,55.0,1,0,1
730.758,35.95,55.163,44.966,55.0,1,0,1
731.158,35.91,55.159,44.966,55.0,1,0,1
731.558,35.89,55.187,44.966,55.0,1,0,1
731.958,35.89,55.172,44.966,55.0,1,0,1
732.358,35.90,55.183,44.966,55.0,1,0,1
732.758,35.87,55.199,45.455,55.0,1,0,1
733.158,35.87,55.200,44.966,55.0,1,0,1
733.558,35.87,55.202,45.455,55.0,1,0,1
733.958,35.89,55.212,44.966,55.0,1,0,1
734.358,35.85,55.213,44.966,55.0,1,0,1
734.758,35.90,55.213,44.966,55.0,1,0,1
735.158,35.86,55.223,44.966,55.0,1,0,1
735.558,35.87,55.224,44.966,55.0,1,0,1
735.958,35.87,55.223,44.966,55.0,1,0,1
736.358,35.85,55.244,44.966,55.0,1,0,1
736.758,35.84,55.240,44.966,55.0,1,0,1
737.158,35.87,55.240,44.966,55.0,1,0,1
737.558,35.84,55.259,44.966,55.0,1,0,1
737.958,35.84,55.267,44.966,55.0,1,0,1
738.358,35.78,55.259,44.966,55.0,1,0,1
738.758,35.76,55.272,44.966,55.0,1,0,1
739.158,35.71,55.275,44.966,55.0,1,0,1
739.558,35.65,55.274,44.477,55.0,1,0,1
739.958,35.61,55.272,44.966,55.0,1,0,1
740.358,35.58,55.287,44.966,55.0,1,0,1
740.758,35.53,55.277,44.966,55.0,1,0,1
741.158,35.51,55.296,44.966,55.0,1,0,1
741.558,35.48,55.288,44.966,55.0,1,0,1
741.958,35.43,55.294,44.966,55.0,1,0,1
742.358,35.41,55.293,44.966,55.0,1,0,1
742.758,35.38,55.316,44.966,55.0,1,0,1
743.158,35.38,55.324,44.966,55.0,1,0,1
743.558,35.36,55.334,44.966,55.0,1,0,1
743.958,35.34,55.336,44.966,55.0,1,0,1
744.358,35.36,55.345,44.966,55.0,1,0,1
744.758,35.36,55.364,44.966,55.0,1,0,1
745.158,35.32,55.358,44.966,55.0,1,0,1
745.558,35.36,55.345,44.966,55.0,1,0,1
745.958,35.33,55.359,44.966,55.0,1,0,1
746.358,35.34,55.368,44.966,55.0,1,0,1
746.758,35.30,55.363,44.966,55.0,1,0,1
747.158,35.27,55.377,44.477,55.0,1,0,1
747.558,35.30,55.370,44.966,55.0,1,0,1
747.958,35.31,55.386,44.966,55.0,1,0,1
748.358,35.33,55.392,44.477,55.0,1,0,1
748.758,35.32,55.387,44.966,55.0,1,0,1
749.158,35.32,55.394,44.966,55.0,1,0,1
749.558,35.34,55.399,44.966,55.0,1,0,1
749.958,35.33,55.405,44.966,55.0,1,0,1
750.358,35.34,55.405,44.966,55.0,1,0,1
750.758,35.32,55.417,44.966,55.0,1,0,1
751.158,35.28,55.414,45.455,55.0,1,0,1
751.558,35.30,55.424,44.966,55.0,1,0,1
751.958,35.29,55.429,44.966,55.0,1,0,1
752.358,35.28,55.430,44.966,55.0,1,0,1
752.758,35.30,55.445,44.966,55.0,1,0,1
753.158,35.33,55.436,44.966,55.0,1,0,1
753.558,35.34,55.447,45.455,55.0,1,0,1
753.958,35.34,55.436,45.455,55.0,1,0,1
754.358,35.35,55.459,44.966,55.0,1,0,1
754.758,35.35,55.475,44.966,55.0,1,0,1
755.158,35.40,55.474,45.455,55.0,1,0,1
755.558,35.38,55.479,45.455,55.0,1,0,1
755.958,35.41,55.475,44.966,55.0,1,0,1
756.358,35.38,55.488,44.966,55.0,1,0,1
756.758,35.43,55.481,45.455,55.0,1,0,1
757.158,35.46,55.482,45.455,55.0,1,0,1
757.558,35.45,55.507,44.966,55.0,0,1,1
757.958,35.60,55.476,44.966,55.0,0,0,1
758.358,35.63,55.438,44.477,55.0,0,0,1
758.758,35.74,55.390,43.988,55.0,0,0,1
759.158,35.83,55.320,43.988,55.0,0,0,1
759.558,35.92,55.284,43.988,55.0,0,0,1
759.958,35.98,55.223,43.988,55.0,0,0,1
760.358,36.10,55.182,43.988,55.0,0,0,1
760.758,36.19,55.165,43.500,55.0,0,0,1
761.158,36.24,55.112,43.500,55.0,0,0,1
761.558,36.28,55.070,43.988,55.0,0,0,1
761.958,36.37,55.038,43.500,55.0,0,0,1
762.358,36.41,55.009,43.988,55.0,0,0,1
762.758,36.47,54.974,43.988,55.0,0,0,1
763.158,36.50,54.923,43.500,55.0,0,0,1
763.558,36.61,54.884,43.500,55.0,0,0,1
763.958,36.64,54.835,43.500,55.0,0,0,1
764.358,36.70,54.799,43.500,55.0,0,0,1
764.758,36.75,54.773,43.988,55.0,0,0,1
765.158,36.79,54.736,43.500,55.0,0,0,1
765.558,36.82,54.695,43.500,55.0,0,0,1
765.958,36.88,54.666,43.500,55.0,0,0,1
766.358,36.90,54.642,43.500,55.0,0,0,1
766.758,36.93,54.606,43.500,55.0,0,0,1
767.158,36.97,54.571,43.500,55.0,0,0,1
767.558,36.98,54.538,43.500,55.0,0,0,1
767.958,37.01,54.503,43.500,55.0,0,0,1
768.358,37.00,54.468,43.500,55.0,1,0,1
768.758,36.88,54.460,44.477,55.0,1,0,1
769.158,36.86,54.470,44.966,55.0,1,0,1
769.558,36.82,54.494,44.966,55.0,1,0,1
769.958,36.75,54.529,44.477,55.0,1,0,1
770.358,36.71,54.534,44.477,55.0,1,0,1
770.758,36.66,54.542,44.966,55.0,1,0,1
771.158,36.61,54.585,44.966,55.0,1,0,1
771.558,36.62,54.582,44.966,55.0,1,0,1
771.958,36.53,54.592,44.966,55.0,1,0,1
772.358,36.53,54.615,44.966,55.0,1,0,1
772.758,36.48,54.622,44.477,55.0,1,0,1
